5	0.0000214271
6	0.0000211272
6	0.0000209478
6	0.0000209478
7	0.0000187631
8	0.0000133243
10	0.0000078854
10	0.0000057236
10	0.0000057236
11	0.0000054015
12	0.0000048670
13	0.0000043324
13	0.0000042273
13	0.0000042273
15	0.0000047559
16	0.0000054138
17	0.0000060690
17	0.0000060690
17	0.0000060734
18	0.0000071253
20	0.0000081771
20	0.0000090133
20	0.0000090133
21	0.0000097986
22	0.0000136287
23	0.0000174588
24	0.0000197344
24	0.0000197344
25	0.0000220109
26	0.0000276199
27	0.0000332289
27	0.0000354348
27	0.0000354348
28	0.0000411903
30	0.0000506765
31	0.0000601627
31	0.0000619882
31	0.0000619882
32	0.0000543872
33	0.0000449749
34	0.0000356416
34	0.0000356416
35	0.0000355455
36	0.0000240978
37	0.0000126502
38	0.0000035978
38	0.0000035978
38	0.0000036695
40	0.0000040121
41	0.0000043546
41	0.0000045567
41	0.0000045567
42	0.0000041780
43	0.0000032546
45	0.0000023312
45	0.0000019719
45	0.0000019719
46	0.0000016667
47	0.0000011672
48	0.0000006677
48	0.0000005736
48	0.0000005736
50	0.0000005420
51	0.0000005029
52	0.0000004644
52	0.0000004644
52	0.0000004750
53	0.0000013177
55	0.0000021604
55	0.0000028233
55	0.0000028233
56	0.0000030412
57	0.0000040620
58	0.0000050829
59	0.0000056809
59	0.0000056809
60	0.0000067229
61	0.0000092383
62	0.0000117538
62	0.0000127219
62	0.0000127219
63	0.0000141019
65	0.0000163453
66	0.0000185888
66	0.0000190017
66	0.0000190017
67	0.0000166149
68	0.0000136897
69	0.0000108137
69	0.0000108136
70	0.0000108134
71	0.0000107990
72	0.0000107846
73	0.0000107733
73	0.0000107733
73	0.0000101308
75	0.0000071789
76	0.0000042269
76	0.0000025103
76	0.0000025103
77	0.0000026187
78	0.0000028776
80	0.0000031365
80	0.0000032351
80	0.0000032351
81	0.0000033961
82	0.0000036561
83	0.0000039161
83	0.0000039629
83	0.0000039629
85	0.0000032418
86	0.0000023627
87	0.0000015020
87	0.0000015020
87	0.0000014926
88	0.0000010423
90	0.0000005921
90	0.0000002417
90	0.0000002417
91	0.0000002375
92	0.0000002188
93	0.0000002000
94	0.0000001892
94	0.0000001892
95	0.0000002491
96	0.0000003910
97	0.0000005328
97	0.0000005863
97	0.0000005863
98	0.0000008144
100	0.0000011803
101	0.0000015461
101	0.0000016104
101	0.0000016104
102	0.0000027605
103	0.0000041557
104	0.0000055156
104	0.0000055156
105	0.0000055043
106	0.0000050556
107	0.0000046068
108	0.0000042595
108	0.0000042595
108	0.0000040949
110	0.0000033666
111	0.0000026383
111	0.0000022209
111	0.0000022209
112	0.0000022458
113	0.0000023040
115	0.0000023622
115	0.0000023838
115	0.0000023838
116	0.0000021992
117	0.0000019050
118	0.0000016109
118	0.0000015605
118	0.0000015605
120	0.0000011775
121	0.0000007153
122	0.0000002666
122	0.0000002666
122	0.0000002660
123	0.0000002430
125	0.0000002199
125	0.0000002022
125	0.0000002022
126	0.0000002415
127	0.0000004118
128	0.0000005822
129	0.0000006791
129	0.0000006791
130	0.0000006494
131	0.0000005804
132	0.0000005114
132	0.0000004860
132	0.0000004860
133	0.0000004637
135	0.0000004282
136	0.0000003928
136	0.0000003869
136	0.0000003869
137	0.0000003716
138	0.0000003533
139	0.0000003356
139	0.0000003356
140	0.0000003340
141	0.0000002837
142	0.0000002334
143	0.0000001949
143	0.0000001949
143	0.0000001908
145	0.0000001729
146	0.0000001551
146	0.0000001450
146	0.0000001450
147	0.0000001460
148	0.0000001484
150	0.0000001507
150	0.0000001516
150	0.0000001516
151	0.0000001466
152	0.0000001388
153	0.0000001310
153	0.0000001297
153	0.0000001297
155	0.0000001256
156	0.0000001206
157	0.0000001158
157	0.0000001158
157	0.0000001159
158	0.0000001194
160	0.0000001230
160	0.0000001256
160	0.0000001256
161	0.0000001262
162	0.0000001287
163	0.0000001312
164	0.0000001325
164	0.0000001325
165	0.0000001201
166	0.0000000916
167	0.0000000632
167	0.0000000530
167	0.0000000530
168	0.0000000481
170	0.0000000404
171	0.0000000327
171	0.0000000315
171	0.0000000315
172	0.0000000321
173	0.0000000327
174	0.0000000334
174	0.0000000334
175	0.0000000337
176	0.0000000408
177	0.0000000479
178	0.0000000533
178	0.0000000533
178	0.0000000555
180	0.0000000646
181	0.0000000737
181	0.0000000787
181	0.0000000787
182	0.0000000777
183	0.0000000753
185	0.0000000730
185	0.0000000721
185	0.0000000721
186	0.0000000800
187	0.0000000923
188	0.0000001046
188	0.0000001065
188	0.0000001065
190	0.0000001081
191	0.0000001099
192	0.0000001117
192	0.0000001117
192	0.0000001115
193	0.0000001075
195	0.0000001034
195	0.0000001004
195	0.0000001004
196	0.0000000965
197	0.0000000806
198	0.0000000647
199	0.0000000560
199	0.0000000560
200	0.0000000585
201	0.0000000642
202	0.0000000698
202	0.0000000718
202	0.0000000718
203	0.0000000794
205	0.0000000911
206	0.0000001028
206	0.0000001045
206	0.0000001045
207	0.0000001241
208	0.0000001472
209	0.0000001691
209	0.0000001691
210	0.0000001716
211	0.0000002221
212	0.0000002726
213	0.0000003104
213	0.0000003104
213	0.0000003119
215	0.0000003181
216	0.0000003242
216	0.0000003275
216	0.0000003275
217	0.0000003450
218	0.0000003838
220	0.0000004225
220	0.0000004360
220	0.0000004360
221	0.0000004345
222	0.0000004322
223	0.0000004300
223	0.0000004296
223	0.0000004296
225	0.0000004303
226	0.0000004312
227	0.0000004319
227	0.0000004319
227	0.0000004317
228	0.0000004276
230	0.0000004235
230	0.0000004205
230	0.0000004205
231	0.0000004346
232	0.0000004898
233	0.0000005450
234	0.0000005750
234	0.0000005750
235	0.0000005239
236	0.0000004119
237	0.0000002999
237	0.0000002615
237	0.0000002615
238	0.0000002326
240	0.0000001886
241	0.0000001447
241	0.0000001385
241	0.0000001385
242	0.0000002157
243	0.0000003057
244	0.0000003904
244	0.0000003904
245	0.0000003976
246	0.0000005188
247	0.0000006400
248	0.0000007298
248	0.0000007298
248	0.0000007068
250	0.0000006182
251	0.0000005297
251	0.0000004820
251	0.0000004820
252	0.0000004495
253	0.0000003790
255	0.0000003085
255	0.0000002846
255	0.0000002846
256	0.0000003014
257	0.0000003268
258	0.0000003523
258	0.0000003558
258	0.0000003558
260	0.0000003842
261	0.0000004171
262	0.0000004480
262	0.0000004480
262	0.0000004429
263	0.0000003619
265	0.0000002809
265	0.0000002212
265	0.0000002212
266	0.0000002159
267	0.0000001957
268	0.0000001756
269	0.0000001648
269	0.0000001648
270	0.0000001609
271	0.0000001527
272	0.0000001444
272	0.0000001417
272	0.0000001417
273	0.0000001330
275	0.0000001201
276	0.0000001071
276	0.0000001053
276	0.0000001053
277	0.0000000999
278	0.0000000937
279	0.0000000879
279	0.0000000879
280	0.0000000874
281	0.0000000805
282	0.0000000737
283	0.0000000686
283	0.0000000686
283	0.0000000667
285	0.0000000595
286	0.0000000523
286	0.0000000484
286	0.0000000484
287	0.0000000495
288	0.0000000519
290	0.0000000542
290	0.0000000550
290	0.0000000550
291	0.0000000613
292	0.0000000708
293	0.0000000803
293	0.0000000815
293	0.0000000815
295	0.0000000696
296	0.0000000559
297	0.0000000431
297	0.0000000431
297	0.0000000430
298	0.0000000417
300	0.0000000404
300	0.0000000395
300	0.0000000395
301	0.0000000408
302	0.0000000458
303	0.0000000508
304	0.0000000535
304	0.0000000535
305	0.0000000567
306	0.0000000635
307	0.0000000702
307	0.0000000725
307	0.0000000725
308	0.0000000741
310	0.0000000765
311	0.0000000789
311	0.0000000792
311	0.0000000792
312	0.0000000798
313	0.0000000805
314	0.0000000811
314	0.0000000811
315	0.0000000816
316	0.0000000879
317	0.0000000942
318	0.0000000988
318	0.0000000988
318	0.0000000992
320	0.0000001006
321	0.0000001020
321	0.0000001028
321	0.0000001028
322	0.0000001120
323	0.0000001313
325	0.0000001507
325	0.0000001569
325	0.0000001569
326	0.0000001556
327	0.0000001536
328	0.0000001516
328	0.0000001513
328	0.0000001513
330	0.0000001497
331	0.0000001480
332	0.0000001463
332	0.0000001463
332	0.0000001463
333	0.0000001461
335	0.0000001459
335	0.0000001458
335	0.0000001458
336	0.0000001475
337	0.0000001534
338	0.0000001594
339	0.0000001625
339	0.0000001625
340	0.0000001647
341	0.0000001693
342	0.0000001740
342	0.0000001754
342	0.0000001754
343	0.0000001788
345	0.0000001839
346	0.0000001889
346	0.0000001894
346	0.0000001894
347	0.0000001902
348	0.0000001910
349	0.0000001917
349	0.0000001917
350	0.0000001916
351	0.0000001910
352	0.0000001904
353	0.0000001899
353	0.0000001899
353	0.0000002041
355	0.0000002538
356	0.0000003036
356	0.0000003292
356	0.0000003292
357	0.0000003426
358	0.0000003702
360	0.0000003978
360	0.0000004064
360	0.0000004064
361	0.0000003584
362	0.0000002884
363	0.0000002185
363	0.0000002106
363	0.0000002106
365	0.0000001971
366	0.0000001820
367	0.0000001682
367	0.0000001682
367	0.0000001674
368	0.0000001583
370	0.0000001492
370	0.0000001428
370	0.0000001428
371	0.0000001443
372	0.0000001498
373	0.0000001552
374	0.0000001579
374	0.0000001579
375	0.0000001568
376	0.0000001545
377	0.0000001523
377	0.0000001515
377	0.0000001515
378	0.0000001450
380	0.0000001355
381	0.0000001260
381	0.0000001249
381	0.0000001249
382	0.0000001192
383	0.0000001127
384	0.0000001068
384	0.0000001068
385	0.0000001110
386	0.0000001561
387	0.0000002012
388	0.0000002331
388	0.0000002331
388	0.0000002611
390	0.0000003565
391	0.0000004519
391	0.0000005001
391	0.0000005001
392	0.0000004572
393	0.0000003703
395	0.0000002834
395	0.0000002569
395	0.0000002569
396	0.0000002399
397	0.0000002153
398	0.0000001907
398	0.0000001882
398	0.0000001882
400	0.0000001904
401	0.0000001930
402	0.0000001953
402	0.0000001953
402	0.0000001951
403	0.0000001930
405	0.0000001909
405	0.0000001894
405	0.0000001894
406	0.0000001893
407	0.0000001890
408	0.0000001887
409	0.0000001885
409	0.0000001885
410	0.0000001966
411	0.0000002129
412	0.0000002292
412	0.0000002341
412	0.0000002341
413	0.0000002457
415	0.0000002624
416	0.0000002791
416	0.0000002808
416	0.0000002808
417	0.0000002807
418	0.0000002806
419	0.0000002806
419	0.0000002806
420	0.0000002818
421	0.0000002934
422	0.0000003051
423	0.0000003132
423	0.0000003132
423	0.0000003101
425	0.0000002997
426	0.0000002894
426	0.0000002842
426	0.0000002842
427	0.0000002653
428	0.0000002277
430	0.0000001900
430	0.0000001789
430	0.0000001789
431	0.0000001721
432	0.0000001626
433	0.0000001530
433	0.0000001520
433	0.0000001520
435	0.0000001674
436	0.0000001844
437	0.0000001995
437	0.0000001995
437	0.0000002034
438	0.0000002406
440	0.0000002778
440	0.0000003036
440	0.0000003036
441	0.0000003175
442	0.0000003630
443	0.0000004086
444	0.0000004310
444	0.0000004310
445	0.0000004527
446	0.0000004953
447	0.0000005380
447	0.0000005505
447	0.0000005505
448	0.0000005908
450	0.0000006479
451	0.0000007049
451	0.0000007102
451	0.0000007102
452	0.0000007866
453	0.0000008708
454	0.0000009458
454	0.0000009458
455	0.0000009489
456	0.0000009767
457	0.0000010046
458	0.0000010238
458	0.0000010238
458	0.0000009858
460	0.0000008633
461	0.0000007407
461	0.0000006807
461	0.0000006807
462	0.0000006510
463	0.0000005928
465	0.0000005346
465	0.0000005178
465	0.0000005178
466	0.0000004926
467	0.0000004571
468	0.0000004216
468	0.0000004185
468	0.0000004185
470	0.0000004063
471	0.0000003929
472	0.0000003810
472	0.0000003810
472	0.0000003830
473	0.0000004014
475	0.0000004198
475	0.0000004324
475	0.0000004324
476	0.0000004298
477	0.0000004218
478	0.0000004138
479	0.0000004099
479	0.0000004099
480	0.0000004139
481	0.0000004216
482	0.0000004293
482	0.0000004314
482	0.0000004314
483	0.0000004181
485	0.0000003996
486	0.0000003810
486	0.0000003795
486	0.0000003795
487	0.0000003616
488	0.0000003421
489	0.0000003249
489	0.0000003249
490	0.0000003218
491	0.0000002958
492	0.0000002697
493	0.0000002520
493	0.0000002520
493	0.0000002487
495	0.0000002383
496	0.0000002280
496	0.0000002230
496	0.0000002230
497	0.0000002165
498	0.0000002042
500	0.0000001918
500	0.0000001883
500	0.0000001883
501	0.0000001833
502	0.0000001763
503	0.0000001693
503	0.0000001687
503	0.0000001687
505	0.0000001680
506	0.0000001672
507	0.0000001664
507	0.0000001664
507	0.0000001657
508	0.0000001595
510	0.0000001532
510	0.0000001490
510	0.0000001490
511	0.0000001549
512	0.0000001731
513	0.0000001913
514	0.0000002000
514	0.0000002000
515	0.0000002159
516	0.0000002463
517	0.0000002767
517	0.0000002850
517	0.0000002850
518	0.0000002722
520	0.0000002544
521	0.0000002367
521	0.0000002354
521	0.0000002354
522	0.0000002409
523	0.0000002469
524	0.0000002522
524	0.0000002522
525	0.0000002556
526	0.0000002827
527	0.0000003098
528	0.0000003280
528	0.0000003280
528	0.0000003251
530	0.0000003162
531	0.0000003074
531	0.0000003032
531	0.0000003032
532	0.0000002898
533	0.0000002643
535	0.0000002389
535	0.0000002320
535	0.0000002320
536	0.0000002204
537	0.0000002044
538	0.0000001884
538	0.0000001873
538	0.0000001873
540	0.0000001974
541	0.0000002083
542	0.0000002177
542	0.0000002177
542	0.0000002195
543	0.0000002332
545	0.0000002468
545	0.0000002560
545	0.0000002560
546	0.0000002605
547	0.0000002740
548	0.0000002875
549	0.0000002939
549	0.0000002939
550	0.0000003300
551	0.0000003980
552	0.0000004660
552	0.0000004842
552	0.0000004842
553	0.0000004924
555	0.0000005036
556	0.0000005149
556	0.0000005156
556	0.0000005156
557	0.0000004301
558	0.0000003385
559	0.0000002591
559	0.0000002591
560	0.0000002566
561	0.0000002377
562	0.0000002187
563	0.0000002061
563	0.0000002061
563	0.0000002144
565	0.0000002391
566	0.0000002638
566	0.0000002752
566	0.0000002752
567	0.0000002743
568	0.0000002725
570	0.0000002707
570	0.0000002702
570	0.0000002702
571	0.0000002815
572	0.0000002968
573	0.0000003121
573	0.0000003130
573	0.0000003130
575	0.0000003375
576	0.0000003636
577	0.0000003861
577	0.0000003861
577	0.0000003914
578	0.0000004300
580	0.0000004685
580	0.0000004939
580	0.0000004939
581	0.0000005158
582	0.0000005803
583	0.0000006447
584	0.0000006744
584	0.0000006744
585	0.0000007372
586	0.0000008536
587	0.0000009700
587	0.0000010001
587	0.0000010001
588	0.0000009822
590	0.0000009580
591	0.0000009337
591	0.0000009323
591	0.0000009323
592	0.0000009606
593	0.0000009906
594	0.0000010164
594	0.0000010164
595	0.0000010122
596	0.0000009829
597	0.0000009535
598	0.0000009343
598	0.0000009343
598	0.0000009243
600	0.0000008953
601	0.0000008664
601	0.0000008532
601	0.0000008532
602	0.0000008597
603	0.0000008716
605	0.0000008836
605	0.0000008866
605	0.0000008866
606	0.0000009037
607	0.0000009265
608	0.0000009494
608	0.0000009507
608	0.0000009507
610	0.0000009222
611	0.0000008921
612	0.0000008665
612	0.0000008665
612	0.0000008609
613	0.0000008226
615	0.0000007844
615	0.0000007595
615	0.0000007595
616	0.0000007607
617	0.0000007641
618	0.0000007676
619	0.0000007691
619	0.0000007691
620	0.0000007624
621	0.0000007503
622	0.0000007381
622	0.0000007351
622	0.0000007351
623	0.0000007123
625	0.0000006819
626	0.0000006515
626	0.0000006500
626	0.0000006500
627	0.0000006383
628	0.0000006260
629	0.0000006155
629	0.0000006155
630	0.0000006119
631	0.0000005881
632	0.0000005642
633	0.0000005488
633	0.0000005488
633	0.0000005560
635	0.0000005767
636	0.0000005973
636	0.0000006066
636	0.0000006066
637	0.0000006006
638	0.0000005897
640	0.0000005788
640	0.0000005762
640	0.0000005762
641	0.0000005452
642	0.0000005041
643	0.0000004631
643	0.0000004612
643	0.0000004612
645	0.0000004456
646	0.0000004293
647	0.0000004155
647	0.0000004155
647	0.0000004140
648	0.0000004043
650	0.0000003947
650	0.0000003885
650	0.0000003885
651	0.0000003798
652	0.0000003553
653	0.0000003309
654	0.0000003201
654	0.0000003201
655	0.0000003266
656	0.0000003384
657	0.0000003501
657	0.0000003530
657	0.0000003530
658	0.0000003630
660	0.0000003762
661	0.0000003894
661	0.0000003899
661	0.0000003899
662	0.0000004286
663	0.0000004689
664	0.0000005028
664	0.0000005028
665	0.0000005103
666	0.0000005572
667	0.0000006041
668	0.0000006340
668	0.0000006340
668	0.0000006271
670	0.0000006076
671	0.0000005882
671	0.0000005797
671	0.0000005797
672	0.0000005757
673	0.0000005684
675	0.0000005612
675	0.0000005595
675	0.0000005595
676	0.0000005713
677	0.0000005869
678	0.0000006024
678	0.0000006030
678	0.0000006030
680	0.0000005580
681	0.0000005114
682	0.0000004723
682	0.0000004723
682	0.0000004680
683	0.0000004417
685	0.0000004153
685	0.0000003986
685	0.0000003986
686	0.0000003945
687	0.0000003831
688	0.0000003717
689	0.0000003668
689	0.0000003668
690	0.0000003559
691	0.0000003367
692	0.0000003175
692	0.0000003131
692	0.0000003131
693	0.0000003195
695	0.0000003280
696	0.0000003364
696	0.0000003367
696	0.0000003367
697	0.0000003523
698	0.0000003685
699	0.0000003820
699	0.0000003820
700	0.0000003882
701	0.0000004253
702	0.0000004624
703	0.0000004858
703	0.0000004858
703	0.0000005054
705	0.0000005586
706	0.0000006118
706	0.0000006347
706	0.0000006347
707	0.0000006938
708	0.0000007975
710	0.0000009012
710	0.0000009250
710	0.0000009250
711	0.0000009581
712	0.0000010011
713	0.0000010441
713	0.0000010453
713	0.0000010453
715	0.0000009323
716	0.0000008159
717	0.0000007195
717	0.0000007195
717	0.0000007155
718	0.0000006919
720	0.0000006684
720	0.0000006536
720	0.0000006536
721	0.0000006376
722	0.0000005946
723	0.0000005515
724	0.0000005332
724	0.0000005332
725	0.0000005223
726	0.0000005034
727	0.0000004845
727	0.0000004802
727	0.0000004802
728	0.0000004618
730	0.0000004381
731	0.0000004144
731	0.0000004139
731	0.0000004139
732	0.0000003981
733	0.0000003818
734	0.0000003685
734	0.0000003685
735	0.0000003685
736	0.0000003683
737	0.0000003681
738	0.0000003680
738	0.0000003680
738	0.0000003664
740	0.0000003621
741	0.0000003578
741	0.0000003560
741	0.0000003560
742	0.0000003796
743	0.0000004205
745	0.0000004614
745	0.0000004704
745	0.0000004704
746	0.0000004459
747	0.0000004145
748	0.0000003830
748	0.0000003824
748	0.0000003824
750	0.0000003642
751	0.0000003457
752	0.0000003306
752	0.0000003306
752	0.0000003301
753	0.0000003276
755	0.0000003250
755	0.0000003235
755	0.0000003235
756	0.0000003739
757	0.0000005062
758	0.0000006385
759	0.0000006937
759	0.0000006937
760	0.0000015519
761	0.0000030260
762	0.0000045000
762	0.0000048197
762	0.0000048197
763	0.0000043770
765	0.0000038115
766	0.0000032461
766	0.0000032370
766	0.0000032370
767	0.0000022466
768	0.0000012399
769	0.0000004192
769	0.0000004192
770	0.0000004203
771	0.0000004260
772	0.0000004318
773	0.0000004353
773	0.0000004353
773	0.0000004502
775	0.0000004889
776	0.0000005276
776	0.0000005436
776	0.0000005436
777	0.0000005482
778	0.0000005559
780	0.0000005636
780	0.0000005652
780	0.0000005652
781	0.0000005578
782	0.0000005484
783	0.0000005389
783	0.0000005388
783	0.0000005388
785	0.0000005139
786	0.0000004887
787	0.0000004682
787	0.0000004682
787	0.0000004587
788	0.0000004081
790	0.0000003575
790	0.0000003267
790	0.0000003267
791	0.0000003283
792	0.0000003324
793	0.0000003365
794	0.0000003381
794	0.0000003381
795	0.0000003418
796	0.0000003481
797	0.0000003544
797	0.0000003557
797	0.0000003557
798	0.0000003363
800	0.0000003117
801	0.0000002872
801	0.0000002870
801	0.0000002870
802	0.0000003154
803	0.0000003439
804	0.0000003670
804	0.0000003670
805	0.0000003785
806	0.0000004382
807	0.0000004978
808	0.0000005340
808	0.0000005340
808	0.0000005564
810	0.0000006134
811	0.0000006704
811	0.0000006935
811	0.0000006935
812	0.0000006919
813	0.0000006891
815	0.0000006863
815	0.0000006857
815	0.0000006857
816	0.0000007083
817	0.0000007367
818	0.0000007651
818	0.0000007652
818	0.0000007652
820	0.0000008551
821	0.0000009453
822	0.0000010177
822	0.0000010177
822	0.0000010264
823	0.0000010702
825	0.0000011140
825	0.0000011404
825	0.0000011404
826	0.0000011787
827	0.0000012750
828	0.0000013712
829	0.0000014098
829	0.0000014098
830	0.0000014763
831	0.0000015872
832	0.0000016982
832	0.0000017204
832	0.0000017204
833	0.0000014842
835	0.0000011891
836	0.0000008941
836	0.0000008941
836	0.0000008940
837	0.0000007563
838	0.0000006186
839	0.0000005087
839	0.0000005087
840	0.0000005025
841	0.0000004719
842	0.0000004413
843	0.0000004230
843	0.0000004230
843	0.0000004083
845	0.0000003717
846	0.0000003350
846	0.0000003205
846	0.0000003205
847	0.0000003048
848	0.0000002789
850	0.0000002530
850	0.0000002479
850	0.0000002479
851	0.0000002411
852	0.0000002326
853	0.0000002241
853	0.0000002241
853	0.0000002241
855	0.0000002177
856	0.0000002114
857	0.0000002064
857	0.0000002064
857	0.0000002044
858	0.0000001947
860	0.0000001851
860	0.0000001793
860	0.0000001793
861	0.0000001769
862	0.0000001710
863	0.0000001651
864	0.0000001628
864	0.0000001628
865	0.0000001600
866	0.0000001554
867	0.0000001507
867	0.0000001498
867	0.0000001498
868	0.0000001663
870	0.0000001868
871	0.0000002070
871	0.0000002070
871	0.0000002074
872	0.0000002578
873	0.0000003082
874	0.0000003480
874	0.0000003480
875	0.0000003536
876	0.0000003804
877	0.0000004071
878	0.0000004229
878	0.0000004229
878	0.0000004371
880	0.0000004717
881	0.0000005063
881	0.0000005198
881	0.0000005198
882	0.0000005360
883	0.0000005626
885	0.0000005891
885	0.0000005941
885	0.0000005941
886	0.0000006373
887	0.0000006904
888	0.0000007428
888	0.0000007428
888	0.0000007435
890	0.0000007964
891	0.0000008493
892	0.0000008908
892	0.0000008909
892	0.0000008868
893	0.0000008680
895	0.0000008491
895	0.0000008381
895	0.0000008381
896	0.0000008183
897	0.0000007705
898	0.0000007227
899	0.0000007044
899	0.0000007044
900	0.0000006751
901	0.0000006276
902	0.0000005800
902	0.0000005713
902	0.0000005713
903	0.0000005552
905	0.0000005355
906	0.0000005161
906	0.0000005161
906	0.0000005168
907	0.0000005581
908	0.0000005995
909	0.0000006318
909	0.0000006318
910	0.0000006348
911	0.0000006484
912	0.0000006620
913	0.0000006699
913	0.0000006699
913	0.0000006583
915	0.0000006306
916	0.0000006029
916	0.0000005923
916	0.0000005923
917	0.0000005910
918	0.0000005890
920	0.0000005869
920	0.0000005865
920	0.0000005865
921	0.0000005918
922	0.0000005982
923	0.0000006045
923	0.0000006045
923	0.0000006044
925	0.0000006004
926	0.0000005964
927	0.0000005933
927	0.0000005933
927	0.0000006011
928	0.0000006357
930	0.0000006704
930	0.0000006903
930	0.0000006903
931	0.0000006810
932	0.0000006588
933	0.0000006367
934	0.0000006284
934	0.0000006284
935	0.0000006214
936	0.0000006101
937	0.0000005989
937	0.0000005970
937	0.0000005970
938	0.0000006200
940	0.0000006479
941	0.0000006751
941	0.0000006751
941	0.0000006755
942	0.0000006907
943	0.0000007059
944	0.0000007176
944	0.0000007176
945	0.0000007218
946	0.0000007400
947	0.0000007583
948	0.0000007688
948	0.0000007688
948	0.0000007729
950	0.0000007827
951	0.0000007924
951	0.0000007961
951	0.0000007961
952	0.0000007721
953	0.0000007338
955	0.0000006956
955	0.0000006891
955	0.0000006891
956	0.0000006876
957	0.0000006858
958	0.0000006840
958	0.0000006840
958	0.0000006838
960	0.0000006787
961	0.0000006736
962	0.0000006697
962	0.0000006697
962	0.0000006638
963	0.0000006382
965	0.0000006125
965	0.0000005979
965	0.0000005979
966	0.0000005876
967	0.0000005635
968	0.0000005395
969	0.0000005306
969	0.0000005306
970	0.0000005364
971	0.0000005455
972	0.0000005547
972	0.0000005562
972	0.0000005562
973	0.0000005486
975	0.0000005395
976	0.0000005307
976	0.0000005307
976	0.0000005312
977	0.0000005440
978	0.0000005568
979	0.0000005666
979	0.0000005666
980	0.0000005703
981	0.0000005861
982	0.0000006018
983	0.0000006107
983	0.0000006107
983	0.0000006125
985	0.0000006165
986	0.0000006205
986	0.0000006220
986	0.0000006220
987	0.0000006406
988	0.0000006697
990	0.0000006989
990	0.0000007037
990	0.0000007037
991	0.0000007052
992	0.0000007070
993	0.0000007087
993	0.0000007087
993	0.0000007080
995	0.0000006911
996	0.0000006743
997	0.0000006614
997	0.0000006614
997	0.0000006550
998	0.0000006284
1000	0.0000006018
1000	0.0000005869
1000	0.0000005869
1001	0.0000005648
1002	0.0000005147
1003	0.0000004646
1004	0.0000004466
1004	0.0000004466
1005	0.0000004271
1006	0.0000003967
1007	0.0000003664
1007	0.0000003616
1007	0.0000003616
1008	0.0000003777
1010	0.0000003968
1011	0.0000004152
1011	0.0000004152
1011	0.0000004151
1012	0.0000004127
1013	0.0000004103
1014	0.0000004084
1014	0.0000004084
1015	0.0000004062
1016	0.0000003971
1017	0.0000003880
1018	0.0000003829
1018	0.0000003829
1018	0.0000003764
1020	0.0000003618
1021	0.0000003473
1021	0.0000003421
1021	0.0000003421
1022	0.0000003339
1023	0.0000003212
1025	0.0000003085
1025	0.0000003065
1025	0.0000003065
1026	0.0000002978
1027	0.0000002876
1028	0.0000002778
1028	0.0000002778
1028	0.0000002778
1030	0.0000002784
1031	0.0000002790
1032	0.0000002794
1032	0.0000002794
1032	0.0000002802
1033	0.0000002833
1035	0.0000002864
1035	0.0000002881
1035	0.0000002881
1036	0.0000002850
1037	0.0000002782
1038	0.0000002714
1039	0.0000002690
1039	0.0000002690
1040	0.0000002695
1041	0.0000002702
1042	0.0000002709
1042	0.0000002711
1042	0.0000002711
1043	0.0000002649
1045	0.0000002576
1046	0.0000002507
1046	0.0000002507
1046	0.0000002505
1047	0.0000002464
1048	0.0000002423
1049	0.0000002392
1049	0.0000002392
1050	0.0000002419
1051	0.0000002523
1052	0.0000002628
1053	0.0000002686
1053	0.0000002686
1053	0.0000002807
1055	0.0000003074
1056	0.0000003340
1056	0.0000003433
1056	0.0000003433
1057	0.0000004883
1058	0.0000007101
1060	0.0000009319
1060	0.0000009642
1060	0.0000009642
1061	0.0000008514
1062	0.0000007194
1063	0.0000005946
1063	0.0000005946
1063	0.0000005874
1065	0.0000004576
1066	0.0000003278
1067	0.0000002312
1067	0.0000002312
1067	0.0000002326
1068	0.0000002383
1070	0.0000002440
1070	0.0000002471
1070	0.0000002471
1071	0.0000002499
1072	0.0000002561
1073	0.0000002622
1074	0.0000002643
1074	0.0000002643
1075	0.0000002665
1076	0.0000002697
1077	0.0000002729
1077	0.0000002734
1077	0.0000002734
1078	0.0000002766
1080	0.0000002805
1081	0.0000002840
1081	0.0000002840
1081	0.0000002847
1082	0.0000002948
1083	0.0000003050
1084	0.0000003126
1084	0.0000003126
1085	0.0000003117
1086	0.0000003081
1087	0.0000003045
1088	0.0000003026
1088	0.0000003026
1088	0.0000003095
1090	0.0000003244
1091	0.0000003394
1091	0.0000003445
1091	0.0000003445
1092	0.0000003501
1093	0.0000003586
1095	0.0000003671
1095	0.0000003683
1095	0.0000003683
1096	0.0000003512
1097	0.0000003313
1098	0.0000003127
1098	0.0000003127
1098	0.0000003123
1100	0.0000003064
1101	0.0000003005
1102	0.0000002962
1102	0.0000002962
1102	0.0000002965
1103	0.0000002979
1105	0.0000002992
1105	0.0000002999
1105	0.0000002999
1106	0.0000002942
1107	0.0000002819
1108	0.0000002695
1109	0.0000002654
1109	0.0000002654
1110	0.0000002578
1111	0.0000002464
1112	0.0000002351
1112	0.0000002335
1112	0.0000002335
1113	0.0000002258
1115	0.0000002169
1116	0.0000002085
1116	0.0000002085
1116	0.0000002077
1117	0.0000001959
1118	0.0000001841
1119	0.0000001755
1119	0.0000001755
1120	0.0000001769
1121	0.0000001823
1122	0.0000001877
1123	0.0000001906
1123	0.0000001906
1123	0.0000001940
1125	0.0000002015
1126	0.0000002089
1126	0.0000002113
1126	0.0000002113
1127	0.0000002141
1128	0.0000002184
1130	0.0000002226
1130	0.0000002232
1130	0.0000002232
1131	0.0000002223
1132	0.0000002213
1133	0.0000002203
1133	0.0000002203
1133	0.0000002199
1135	0.0000002139
1136	0.0000002080
1137	0.0000002036
1137	0.0000002036
1137	0.0000002074
1138	0.0000002211
1140	0.0000002348
1140	0.0000002420
1140	0.0000002420
1141	0.0000002470
1142	0.0000002576
1143	0.0000002682
1144	0.0000002716
1144	0.0000002716
1145	0.0000002657
1146	0.0000002570
1147	0.0000002483
1147	0.0000002473
1147	0.0000002473
1148	0.0000002464
1150	0.0000002455
1151	0.0000002447
1151	0.0000002447
1151	0.0000002442
1152	0.0000002373
1153	0.0000002304
1154	0.0000002255
1154	0.0000002255
1155	0.0000002233
1156	0.0000002154
1157	0.0000002076
1158	0.0000002035
1158	0.0000002035
1158	0.0000002062
1160	0.0000002118
1161	0.0000002174
1161	0.0000002193
1161	0.0000002193
1162	0.0000002291
1163	0.0000002436
1165	0.0000002581
1165	0.0000002598
1165	0.0000002598
1166	0.0000002645
1167	0.0000002697
1168	0.0000002745
1168	0.0000002745
1168	0.0000002762
1170	0.0000002965
1171	0.0000003169
1172	0.0000003315
1172	0.0000003315
1172	0.0000003277
1173	0.0000003139
1175	0.0000003002
1175	0.0000002931
1175	0.0000002931
1176	0.0000002880
1177	0.0000002773
1178	0.0000002666
1179	0.0000002632
1179	0.0000002632
1180	0.0000002638
1181	0.0000002646
1182	0.0000002654
1182	0.0000002654
1182	0.0000002654
1183	0.0000002679
1185	0.0000002706
1186	0.0000002731
1186	0.0000002731
1186	0.0000002717
1187	0.0000002547
1188	0.0000002377
1189	0.0000002256
1189	0.0000002256
1190	0.0000002228
1191	0.0000002131
1192	0.0000002034
1193	0.0000001984
1193	0.0000001984
1193	0.0000001983
1195	0.0000001981
1196	0.0000001978
1196	0.0000001978
1196	0.0000001978
1197	0.0000001958
1198	0.0000001929
1200	0.0000001901
1200	0.0000001897
1200	0.0000001897
1201	0.0000002025
1202	0.0000002168
1203	0.0000002298
1203	0.0000002298
1203	0.0000002301
1205	0.0000002325
1206	0.0000002349
1207	0.0000002366
1207	0.0000002366
1207	0.0000002403
1208	0.0000002530
1210	0.0000002656
1210	0.0000002721
1210	0.0000002721
1211	0.0000002794
1212	0.0000002944
1213	0.0000003094
1214	0.0000003140
1214	0.0000003140
1215	0.0000003136
1216	0.0000003129
1217	0.0000003122
1217	0.0000003122
1217	0.0000003122
1218	0.0000003124
1220	0.0000003127
1221	0.0000003130
1221	0.0000003130
1221	0.0000003133
1222	0.0000003171
1223	0.0000003209
1224	0.0000003235
1224	0.0000003235
1225	0.0000003218
1226	0.0000003161
1227	0.0000003103
1228	0.0000003074
1228	0.0000003074
1228	0.0000003075
1230	0.0000003079
1231	0.0000003083
1231	0.0000003084
1231	0.0000003084
1232	0.0000003042
1233	0.0000002983
1235	0.0000002923
1235	0.0000002917
1235	0.0000002917
1236	0.0000002846
1237	0.0000002768
1238	0.0000002697
1238	0.0000002697
1238	0.0000002697
1240	0.0000002703
1241	0.0000002709
1242	0.0000002713
1242	0.0000002713
1242	0.0000002700
1243	0.0000002654
1245	0.0000002608
1245	0.0000002585
1245	0.0000002585
1246	0.0000002546
1247	0.0000002469
1248	0.0000002391
1249	0.0000002368
1249	0.0000002368
1250	0.0000002371
1251	0.0000002375
1252	0.0000002378
1252	0.0000002379
1252	0.0000002379
1253	0.0000002365
1255	0.0000002350
1256	0.0000002337
1256	0.0000002337
1256	0.0000002334
1257	0.0000002307
1258	0.0000002280
1259	0.0000002262
1259	0.0000002262
1260	0.0000002287
1261	0.0000002369
1262	0.0000002451
1263	0.0000002492
1263	0.0000002492
1263	0.0000002515
1265	0.0000002561
1266	0.0000002607
1266	0.0000002620
1266	0.0000002620
1267	0.0000002618
1268	0.0000002614
1270	0.0000002609
1270	0.0000002609
1270	0.0000002609
1271	0.0000002590
1272	0.0000002569
1273	0.0000002551
1273	0.0000002551
1273	0.0000002539
1275	0.0000002427
1276	0.0000002315
1277	0.0000002238
1277	0.0000002238
1277	0.0000002215
1278	0.0000002139
1280	0.0000002064
1280	0.0000002027
1280	0.0000002027
1281	0.0000001999
1282	0.0000001945
1283	0.0000001891
1284	0.0000001876
1284	0.0000001876
1285	0.0000001865
1286	0.0000001849
1287	0.0000001834
1287	0.0000001832
1287	0.0000001832
1288	0.0000001894
1290	0.0000001962
1291	0.0000002022
1291	0.0000002022
1291	0.0000002030
1292	0.0000002104
1293	0.0000002177
1294	0.0000002227
1294	0.0000002227
1295	0.0000002283
1296	0.0000002463
1297	0.0000002642
1298	0.0000002729
1298	0.0000002729
1298	0.0000002810
1300	0.0000002967
1301	0.0000003125
1301	0.0000003170
1301	0.0000003170
1302	0.0000003273
1303	0.0000003418
1305	0.0000003562
1305	0.0000003575
1305	0.0000003575
1306	0.0000003765
1307	0.0000003972
1308	0.0000004156
1308	0.0000004156
1308	0.0000004178
1310	0.0000004371
1311	0.0000004565
1312	0.0000004697
1312	0.0000004697
1312	0.0000004633
1313	0.0000004428
1315	0.0000004223
1315	0.0000004124
1315	0.0000004124
1316	0.0000004149
1317	0.0000004198
1318	0.0000004247
1319	0.0000004261
1319	0.0000004261
1320	0.0000004460
1321	0.0000004737
1322	0.0000005015
1322	0.0000005038
1322	0.0000005038
1323	0.0000005355
1325	0.0000005702
1326	0.0000006007
1326	0.0000006007
1326	0.0000006255
1327	0.0000008350
1328	0.0000010445
1329	0.0000011871
1329	0.0000011871
1330	0.0000015750
1331	0.0000027906
1332	0.0000040061
1333	0.0000045896
1333	0.0000045896
1333	0.0000042264
1335	0.0000035277
1336	0.0000028290
1336	0.0000026340
1336	0.0000026340
1337	0.0000021319
1338	0.0000014354
1340	0.0000007389
1340	0.0000006843
1340	0.0000006843
1341	0.0000006443
1342	0.0000006009
1343	0.0000005629
1343	0.0000005629
1343	0.0000005593
1345	0.0000005302
1346	0.0000005011
1347	0.0000004815
1347	0.0000004815
1347	0.0000004845
1348	0.0000004938
1350	0.0000005031
1350	0.0000005076
1350	0.0000005076
1351	0.0000004984
1352	0.0000004811
1353	0.0000004637
1354	0.0000004589
1354	0.0000004589
1355	0.0000004287
1356	0.0000003872
1357	0.0000003456
1357	0.0000003425
1357	0.0000003425
1358	0.0000003261
1360	0.0000003084
1361	0.0000002929
1361	0.0000002929
1361	0.0000002933
1362	0.0000002970
1363	0.0000003006
1364	0.0000003031
1364	0.0000003031
1365	0.0000002992
1366	0.0000002872
1367	0.0000002752
1368	0.0000002695
1368	0.0000002695
1368	0.0000002592
1370	0.0000002398
1371	0.0000002204
1371	0.0000002151
1371	0.0000002151
1372	0.0000002132
1373	0.0000002106
1375	0.0000002079
1375	0.0000002077
1375	0.0000002077
1376	0.0000002013
1377	0.0000001944
1378	0.0000001884
1378	0.0000001884
1378	0.0000001872
1380	0.0000001781
1381	0.0000001691
1382	0.0000001630
1382	0.0000001630
1382	0.0000001645
1383	0.0000001689
1385	0.0000001734
1385	0.0000001755
1385	0.0000001755
1386	0.0000001805
1387	0.0000001899
1388	0.0000001993
1389	0.0000002018
1389	0.0000002018
1390	0.0000002014
1391	0.0000002008
1392	0.0000002002
1392	0.0000002001
1392	0.0000002001
1393	0.0000002097
1395	0.0000002199
1396	0.0000002288
1396	0.0000002288
1396	0.0000002295
1397	0.0000002344
1398	0.0000002393
1399	0.0000002426
1399	0.0000002426
1400	0.0000002400
1401	0.0000002324
1402	0.0000002247
1403	0.0000002212
1403	0.0000002212
1403	0.0000002246
1405	0.0000002311
1406	0.0000002375
1406	0.0000002392
1406	0.0000002392
1407	0.0000002483
1408	0.0000002606
1410	0.0000002729
1410	0.0000002736
1410	0.0000002736
1411	0.0000002756
1412	0.0000002778
1413	0.0000002797
1413	0.0000002797
1413	0.0000002814
1415	0.0000002938
1416	0.0000003061
1417	0.0000003143
1417	0.0000003143
1417	0.0000003280
1418	0.0000003682
1420	0.0000004084
1420	0.0000004269
1420	0.0000004269
1421	0.0000004312
1422	0.0000004393
1423	0.0000004474
1424	0.0000004495
1424	0.0000004495
1425	0.0000004653
1426	0.0000004866
1427	0.0000005080
1427	0.0000005092
1427	0.0000005092
1428	0.0000005123
1430	0.0000005157
1431	0.0000005186
1431	0.0000005186
1431	0.0000005166
1432	0.0000005026
1433	0.0000004887
1434	0.0000004795
1434	0.0000004795
1435	0.0000004728
1436	0.0000004535
1437	0.0000004341
1438	0.0000004253
1438	0.0000004253
1438	0.0000004201
1440	0.0000004106
1441	0.0000004012
1441	0.0000003987
1441	0.0000003987
1442	0.0000003903
1443	0.0000003789
1445	0.0000003675
1445	0.0000003669
1445	0.0000003669
1446	0.0000003536
1447	0.0000003396
1448	0.0000003276
1448	0.0000003276
1448	0.0000003259
1450	0.0000003141
1451	0.0000003023
1452	0.0000002946
1452	0.0000002946
1452	0.0000002929
1453	0.0000002880
1455	0.0000002832
1455	0.0000002810
1455	0.0000002810
1456	0.0000002848
1457	0.0000002917
1458	0.0000002986
1459	0.0000003003
1459	0.0000003003
1460	0.0000003069
1461	0.0000003157
1462	0.0000003245
1462	0.0000003249
1462	0.0000003249
1463	0.0000003303
1465	0.0000003359
1466	0.0000003406
1466	0.0000003406
1466	0.0000003390
1467	0.0000003286
1468	0.0000003181
1469	0.0000003114
1469	0.0000003113
1470	0.0000003155
1471	0.0000003273
1472	0.0000003391
1473	0.0000003444
1473	0.0000003444
1473	0.0000003528
1475	0.0000003679
1476	0.0000003830
1476	0.0000003867
1476	0.0000003867
1477	0.0000003972
1478	0.0000004111
1480	0.0000004250
1480	0.0000004257
1480	0.0000004257
1481	0.0000004344
1482	0.0000004435
1483	0.0000004512
1483	0.0000004512
1483	0.0000004532
1485	0.0000004663
1486	0.0000004794
1487	0.0000004878
1487	0.0000004878
1487	0.0000004998
1488	0.0000005334
1490	0.0000005671
1490	0.0000005820
1490	0.0000005820
1491	0.0000005982
1492	0.0000006273
1493	0.0000006563
1494	0.0000006633
1494	0.0000006633
1495	0.0000006850
1496	0.0000007135
1497	0.0000007420
1497	0.0000007432
1497	0.0000007432
1498	0.0000007765
1500	0.0000008112
1501	0.0000008404
1501	0.0000008404
1501	0.0000008342
1502	0.0000007953
1503	0.0000007565
1504	0.0000007317
1504	0.0000007317
1505	0.0000007303
1506	0.0000007263
1507	0.0000007224
1508	0.0000007207
1508	0.0000007207
1508	0.0000007193
1510	0.0000007170
1511	0.0000007146
1511	0.0000007140
1511	0.0000007140
1512	0.0000006970
1513	0.0000006746
1515	0.0000006523
1515	0.0000006515
1515	0.0000006515
1516	0.0000006550
1517	0.0000006586
1518	0.0000006617
1518	0.0000006617
1518	0.0000006613
1520	0.0000006587
1521	0.0000006562
1522	0.0000006546
1522	0.0000006546
1522	0.0000006559
1523	0.0000006595
1525	0.0000006631
1525	0.0000006647
1525	0.0000006647
1526	0.0000006533
1527	0.0000006333
1528	0.0000006132
1529	0.0000006085
1529	0.0000006085
1530	0.0000005711
1531	0.0000005222
1532	0.0000004733
1532	0.0000004717
1532	0.0000004717
1533	0.0000004527
1535	0.0000004330
1536	0.0000004167
1536	0.0000004167
1536	0.0000004155
1537	0.0000004081
1538	0.0000004007
1539	0.0000003961
1539	0.0000003961
1540	0.0000003902
1541	0.0000003742
1542	0.0000003582
1543	0.0000003513
1543	0.0000003513
1543	0.0000003531
1545	0.0000003562
1546	0.0000003594
1546	0.0000003601
1546	0.0000003601
1547	0.0000003731
1548	0.0000003900
1550	0.0000004068
1550	0.0000004073
1550	0.0000004073
1551	0.0000004288
1552	0.0000004509
1553	0.0000004692
1553	0.0000004692
1553	0.0000004711
1555	0.0000004820
1556	0.0000004929
1557	0.0000004997
1557	0.0000004997
1557	0.0000004846
1558	0.0000004441
1560	0.0000004037
1560	0.0000003864
1560	0.0000003864
1561	0.0000003715
1562	0.0000003454
1563	0.0000003193
1564	0.0000003134
1564	0.0000003134
1565	0.0000003098
1566	0.0000003052
1567	0.0000003005
1567	0.0000003004
1567	0.0000003004
1568	0.0000002978
1570	0.0000002952
1571	0.0000002930
1571	0.0000002930
1571	0.0000002937
1572	0.0000002974
1573	0.0000003012
1574	0.0000003035
1574	0.0000003035
1575	0.0000003070
1576	0.0000003163
1577	0.0000003255
1578	0.0000003294
1578	0.0000003294
1578	0.0000003337
1580	0.0000003411
1581	0.0000003486
1581	0.0000003502
1581	0.0000003502
1582	0.0000003451
1583	0.0000003386
1585	0.0000003321
1585	0.0000003320
1585	0.0000003320
1586	0.0000003328
1587	0.0000003336
1588	0.0000003343
1588	0.0000003343
1588	0.0000003332
1590	0.0000003275
1591	0.0000003218
1592	0.0000003183
1592	0.0000003183
1592	0.0000003145
1593	0.0000003044
1595	0.0000002944
1595	0.0000002902
1595	0.0000002902
1596	0.0000002855
1597	0.0000002774
1598	0.0000002693
1599	0.0000002675
1599	0.0000002675
1600	0.0000002539
1601	0.0000002365
1602	0.0000002192
1602	0.0000002189
1602	0.0000002189
1603	0.0000002229
1605	0.0000002271
1606	0.0000002304
1606	0.0000002304
1606	0.0000002298
1607	0.0000002268
1608	0.0000002237
1609	0.0000002218
1609	0.0000002218
1610	0.0000002215
1611	0.0000002207
1612	0.0000002199
1613	0.0000002195
1613	0.0000002195
1613	0.0000002291
1615	0.0000002453
1616	0.0000002615
1616	0.0000002649
1616	0.0000002649
1617	0.0000002673
1618	0.0000002703
1620	0.0000002734
1620	0.0000002734
1620	0.0000002734
1621	0.0000002706
1622	0.0000002678
1623	0.0000002655
1623	0.0000002655
1623	0.0000002670
1625	0.0000002749
1626	0.0000002828
1627	0.0000002876
1627	0.0000002876
1627	0.0000002881
1628	0.0000002892
1630	0.0000002904
1630	0.0000002909
1630	0.0000002909
1631	0.0000002936
1632	0.0000002980
1633	0.0000003025
1634	0.0000003034
1634	0.0000003034
1635	0.0000003008
1636	0.0000002974
1637	0.0000002940
1637	0.0000002940
1637	0.0000002940
1638	0.0000002777
1640	0.0000002614
1641	0.0000002481
1641	0.0000002481
1641	0.0000002479
1642	0.0000002469
1643	0.0000002459
1644	0.0000002453
1644	0.0000002453
1645	0.0000002439
1646	0.0000002402
1647	0.0000002366
1648	0.0000002351
1648	0.0000002351
1648	0.0000002307
1650	0.0000002233
1651	0.0000002159
1651	0.0000002144
1651	0.0000002144
1652	0.0000002057
1653	0.0000001949
1655	0.0000001840
1655	0.0000001840
1655	0.0000001840
1656	0.0000001870
1657	0.0000001901
1658	0.0000001925
1658	0.0000001925
1658	0.0000002109
1660	0.0000003039
1661	0.0000003968
1662	0.0000004526
1662	0.0000004526
1662	0.0000004699
1663	0.0000005132
1665	0.0000005564
1665	0.0000005737
1665	0.0000005737
1666	0.0000004985
1667	0.0000003731
1668	0.0000002476
1668	0.0000002226
1668	0.0000002226
1670	0.0000002131
1671	0.0000002013
1672	0.0000001895
1672	0.0000001895
1672	0.0000001894
1673	0.0000001796
1675	0.0000001698
1675	0.0000001619
1675	0.0000001619
1676	0.0000001631
1677	0.0000001687
1678	0.0000001743
1679	0.0000001777
1679	0.0000001777
1680	0.0000001808
1681	0.0000001884
1682	0.0000001960
1682	0.0000001990
1682	0.0000001990
1683	0.0000001995
1685	0.0000002004
1686	0.0000002012
1686	0.0000002014
1686	0.0000002014
1687	0.0000001933
1688	0.0000001834
1689	0.0000001734
1689	0.0000001734
1690	0.0000001735
1691	0.0000001760
1692	0.0000001786
1693	0.0000001807
1693	0.0000001807
1693	0.0000001810
1695	0.0000001826
1696	0.0000001842
1696	0.0000001851
1696	0.0000001851
1697	0.0000001825
1698	0.0000001760
1700	0.0000001696
1700	0.0000001671
1700	0.0000001671
1701	0.0000001692
1702	0.0000001728
1703	0.0000001764
1703	0.0000001771
1703	0.0000001771
1705	0.0000001697
1706	0.0000001605
1707	0.0000001514
1707	0.0000001514
1707	0.0000001514
1708	0.0000001506
1710	0.0000001498
1710	0.0000001492
1710	0.0000001492
1711	0.0000001498
1712	0.0000001524
1713	0.0000001550
1714	0.0000001565
1714	0.0000001565
1715	0.0000001574
1716	0.0000001596
1717	0.0000001618
1717	0.0000001626
1717	0.0000001626
1718	0.0000001625
1720	0.0000001621
1721	0.0000001618
1721	0.0000001618
1721	0.0000001618
1722	0.0000001572
1723	0.0000001515
1724	0.0000001459
1724	0.0000001459
1725	0.0000001460
1726	0.0000001505
1727	0.0000001550
1728	0.0000001585
1728	0.0000001585
1728	0.0000001608
1730	0.0000001717
1731	0.0000001825
1731	0.0000001888
1731	0.0000001888
1732	0.0000001964
1733	0.0000002145
1735	0.0000002326
1735	0.0000002396
1735	0.0000002396
1736	0.0000002390
1737	0.0000002380
1738	0.0000002370
1738	0.0000002368
1738	0.0000002368
1740	0.0000002222
1741	0.0000002044
1742	0.0000001869
1742	0.0000001869
1742	0.0000001869
1743	0.0000001905
1745	0.0000001941
1745	0.0000001969
1745	0.0000001969
1746	0.0000001961
1747	0.0000001927
1748	0.0000001892
1749	0.0000001872
1749	0.0000001872
1750	0.0000001888
1751	0.0000001925
1752	0.0000001962
1752	0.0000001977
1752	0.0000001977
1753	0.0000001960
1755	0.0000001933
1756	0.0000001905
1756	0.0000001901
1756	0.0000001901
1757	0.0000001836
1758	0.0000001758
1759	0.0000001681
1759	0.0000001681
1760	0.0000001683
1761	0.0000001777
1762	0.0000001871
1763	0.0000001944
1763	0.0000001944
1763	0.0000001946
1765	0.0000001952
1766	0.0000001958
1766	0.0000001962
1766	0.0000001962
1767	0.0000001936
1768	0.0000001876
1770	0.0000001816
1770	0.0000001793
1770	0.0000001793
1771	0.0000001792
1772	0.0000001789
1773	0.0000001786
1773	0.0000001786
1773	0.0000001786
1775	0.0000001811
1776	0.0000001841
1777	0.0000001871
1777	0.0000001871
1777	0.0000001871
1778	0.0000001902
1780	0.0000001933
1780	0.0000001956
1780	0.0000001956
1781	0.0000001943
1782	0.0000001885
1783	0.0000001828
1784	0.0000001795
1784	0.0000001795
1785	0.0000001805
1786	0.0000001829
1787	0.0000001853
1787	0.0000001862
1787	0.0000001862
1788	0.0000001929
1790	0.0000002035
1791	0.0000002141
1791	0.0000002159
1791	0.0000002159
1792	0.0000002141
1793	0.0000002119
1794	0.0000002098
1794	0.0000002098
1795	0.0000002099
1796	0.0000002146
1797	0.0000002194
1798	0.0000002230
1798	0.0000002230
1798	0.0000002246
1800	0.0000002317
1801	0.0000002388
1801	0.0000002429
1801	0.0000002429
1802	0.0000002426
1803	0.0000002418
1805	0.0000002411
1805	0.0000002408
1805	0.0000002408
1806	0.0000002447
1807	0.0000002507
1808	0.0000002568
1808	0.0000002578
1808	0.0000002578
1810	0.0000002555
1811	0.0000002528
1812	0.0000002502
1812	0.0000002502
1812	0.0000002502
1813	0.0000002485
1815	0.0000002468
1815	0.0000002455
1815	0.0000002455
1816	0.0000002437
1817	0.0000002362
1818	0.0000002286
1819	0.0000002243
1819	0.0000002243
1820	0.0000002365
1821	0.0000002643
1822	0.0000002922
1822	0.0000003022
1822	0.0000003022
1823	0.0000003003
1825	0.0000002974
1826	0.0000002944
1826	0.0000002939
1826	0.0000002939
1827	0.0000002811
1828	0.0000002658
1829	0.0000002511
1829	0.0000002511
1830	0.0000002514
1831	0.0000002582
1832	0.0000002649
1833	0.0000002701
1833	0.0000002701
1833	0.0000002918
1835	0.0000003822
1836	0.0000004727
1836	0.0000005233
1836	0.0000005233
1837	0.0000005527
1838	0.0000006192
1840	0.0000006858
1840	0.0000007097
1840	0.0000007097
1841	0.0000006124
1842	0.0000004608
1843	0.0000003092
1843	0.0000002853
1843	0.0000002853
1845	0.0000002715
1846	0.0000002552
1847	0.0000002396
1847	0.0000002396
1847	0.0000002397
1848	0.0000002417
1850	0.0000002436
1850	0.0000002451
1850	0.0000002451
1851	0.0000002433
1852	0.0000002363
1853	0.0000002292
1854	0.0000002253
1854	0.0000002253
1855	0.0000002247
1856	0.0000002235
1857	0.0000002222
1857	0.0000002218
1857	0.0000002218
1858	0.0000002233
1860	0.0000002256
1861	0.0000002279
1861	0.0000002282
1861	0.0000002282
1862	0.0000002336
1863	0.0000002400
1864	0.0000002461
1864	0.0000002461
1865	0.0000002457
1866	0.0000002388
1867	0.0000002319
1868	0.0000002267
1868	0.0000002267
1868	0.0000002306
1870	0.0000002464
1871	0.0000002622
1871	0.0000002709
1871	0.0000002709
1872	0.0000003030
1873	0.0000003746
1875	0.0000004462
1875	0.0000004713
1875	0.0000004713
1876	0.0000004898
1877	0.0000005182
1878	0.0000005467
1878	0.0000005510
1878	0.0000005510
1880	0.0000004772
1881	0.0000003905
1882	0.0000003083
1882	0.0000003083
1882	0.0000003066
1883	0.0000002735
1885	0.0000002404
1885	0.0000002157
1885	0.0000002157
1886	0.0000002169
1887	0.0000002218
1888	0.0000002266
1889	0.0000002293
1889	0.0000002293
1890	0.0000002319
1891	0.0000002378
1892	0.0000002437
1892	0.0000002457
1892	0.0000002457
1893	0.0000002456
1895	0.0000002456
1896	0.0000002455
1896	0.0000002455
1896	0.0000002455
1897	0.0000002580
1898	0.0000002727
1899	0.0000002865
1899	0.0000002865
1900	0.0000002887
1901	0.0000003275
1902	0.0000003662
1903	0.0000003951
1903	0.0000003951
1903	0.0000004322
1905	0.0000005770
1906	0.0000007218
1906	0.0000008003
1906	0.0000008003
1907	0.0000008141
1908	0.0000008442
1910	0.0000008743
1910	0.0000008846
1910	0.0000008846
1911	0.0000007969
1912	0.0000006636
1913	0.0000005304
1913	0.0000005117
1913	0.0000005117
1915	0.0000004990
1916	0.0000004842
1917	0.0000004703
1917	0.0000004703
1917	0.0000004708
1918	0.0000004786
1920	0.0000004865
1920	0.0000004922
1920	0.0000004922
1921	0.0000004944
1922	0.0000005028
1923	0.0000005111
1924	0.0000005156
1924	0.0000005156
1925	0.0000005212
1926	0.0000005333
1927	0.0000005454
1927	0.0000005495
1927	0.0000005495
1928	0.0000005702
1930	0.0000006014
1931	0.0000006326
1931	0.0000006368
1931	0.0000006368
1932	0.0000007052
1933	0.0000007843
1934	0.0000008584
1934	0.0000008584
1935	0.0000009845
1936	0.0000029435
1937	0.0000049025
1938	0.0000063419
1938	0.0000063419
1938	0.0000073699
1940	0.0000112460
1941	0.0000151220
1941	0.0000171916
1941	0.0000171914
1942	0.0000151299
1943	0.0000107063
1945	0.0000062826
1945	0.0000048091
1945	0.0000048091
1946	0.0000038215
1947	0.0000023406
1948	0.0000008598
1948	0.0000006640
1948	0.0000006639
1950	0.0000006093
1951	0.0000005465
1952	0.0000004879
1952	0.0000004879
1952	0.0000004867
1953	0.0000004688
1955	0.0000004509
1955	0.0000004379
1955	0.0000004379
1956	0.0000004343
1957	0.0000004213
1958	0.0000004082
1959	0.0000004012
1959	0.0000004012
1960	0.0000004009
1961	0.0000004001
1962	0.0000003993
1962	0.0000003991
1962	0.0000003991
1963	0.0000004062
1965	0.0000004169
1966	0.0000004276
1966	0.0000004289
1966	0.0000004289
1967	0.0000004652
1968	0.0000005067
1969	0.0000005452
1969	0.0000005453
1970	0.0000005668
1971	0.0000008637
1972	0.0000011605
1973	0.0000013761
1973	0.0000013761
1973	0.0000013452
1975	0.0000012320
1976	0.0000011188
1976	0.0000010593
1976	0.0000010593
1977	0.0000009843
1978	0.0000008261
1980	0.0000006679
1980	0.0000006166
1980	0.0000006166
1981	0.0000005500
1982	0.0000004515
1983	0.0000003530
1983	0.0000003408
1983	0.0000003408
1985	0.0000003016
1986	0.0000002569
1987	0.0000002157
1987	0.0000002157
1987	0.0000002157
1988	0.0000002159
1990	0.0000002161
1990	0.0000002162
1990	0.0000002162
1991	0.0000002200
1992	0.0000002336
1993	0.0000002472
1994	0.0000002543
1994	0.0000002543
1995	0.0000002560
1996	0.0000002596
1997	0.0000002631
1997	0.0000002643
1997	0.0000002643
1998	0.0000003061
2000	0.0000003677
