5	0.0000229383
6	0.0000197118
7	0.0000575205
8	0.0001021786
9	0.0000649970
10	0.0000365654
11	0.0000751132
12	0.0001524557
13	0.0002744056
14	0.0003371399
15	0.0004161892
16	0.0002120828
17	0.0001548389
18	0.0001286404
19	0.0001537560
20	0.0001233753
21	0.0000977826
22	0.0000489927
23	0.0000642506
24	0.0001244282
25	0.0001881694
26	0.0002145082
27	0.0001939056
28	0.0001698201
29	0.0002180110
30	0.0001963534
31	0.0002187981
32	0.0002483826
33	0.0002392884
34	0.0002210861
35	0.0002767878
36	0.0003362985
37	0.0003354788
38	0.0003889898
39	0.0003105174
40	0.0003113984
41	0.0003181816
42	0.0003139012
43	0.0002512058
44	0.0001502216
45	0.0001363290
46	0.0001198090
47	0.0001045343
48	0.0000733377
49	0.0000607454
50	0.0000637890
51	0.0000586129
52	0.0000637968
53	0.0000733957
54	0.0000750662
55	0.0000984224
56	0.0001192396
57	0.0001196630
58	0.0001259150
59	0.0001730009
60	0.0001976159
61	0.0002039876
62	0.0001898259
63	0.0002446373
64	0.0002412250
65	0.0002637022
66	0.0002466363
67	0.0002180600
68	0.0003211113
69	0.0002317717
70	0.0002369912
71	0.0002584344
72	0.0003708055
73	0.0004396588
74	0.0003847352
75	0.0005004744
76	0.0005046555
77	0.0003665025
78	0.0005617914
79	0.0005970019
80	0.0005583100
81	0.0006346465
82	0.0005744739
83	0.0005937687
84	0.0006844483
85	0.0005994310
86	0.0004852278
87	0.0004431481
88	0.0004388883
89	0.0004368871
90	0.0006467855
91	0.0007022342
92	0.0006140943
93	0.0005644527
94	0.0004762231
95	0.0004583886
96	0.0003399088
97	0.0003109141
98	0.0004069472
99	0.0003583468
100	0.0003907455
101	0.0004979394
102	0.0005416477
103	0.0005777555
104	0.0006091389
105	0.0006514899
106	0.0007102214
107	0.0008717795
108	0.0007830088
109	0.0006467048
110	0.0006890221
111	0.0005986594
112	0.0005089511
113	0.0004651101
114	0.0005018658
115	0.0004710995
116	0.0003689924
117	0.0003999891
118	0.0004846198
119	0.0004205181
120	0.0004053409
121	0.0003934574
122	0.0004543970
123	0.0006379811
124	0.0006447646
125	0.0006863765
126	0.0006319356
127	0.0005807278
128	0.0007484462
129	0.0007781028
130	0.0008177176
131	0.0008513363
132	0.0009655670
133	0.0011347653
134	0.0009202243
135	0.0012473048
136	0.0017003230
137	0.0012520197
138	0.0010461209
139	0.0011704542
140	0.0009218907
141	0.0009493433
142	0.0009234110
143	0.0009300996
144	0.0010588336
145	0.0008008516
146	0.0007005659
147	0.0007080644
148	0.0006062218
149	0.0004932859
150	0.0004518493
151	0.0004850011
152	0.0005297076
153	0.0004924835
154	0.0004895722
155	0.0004762200
156	0.0004663794
157	0.0004257152
158	0.0004756520
159	0.0004651407
160	0.0004879083
161	0.0005365130
162	0.0006271092
163	0.0006616382
164	0.0008000539
165	0.0009246031
166	0.0010628577
167	0.0012948116
168	0.0015134268
169	0.0016064845
170	0.0013486588
171	0.0010648611
172	0.0011617006
173	0.0011279000
174	0.0009859200
175	0.0008970241
176	0.0006121629
177	0.0006728428
178	0.0005961133
179	0.0006013987
180	0.0005687653
181	0.0005333872
182	0.0003889848
183	0.0003995987
184	0.0003930908
185	0.0003818991
186	0.0003535470
187	0.0003905137
188	0.0003633285
189	0.0004695216
190	0.0005618014
191	0.0005685812
192	0.0005480135
193	0.0007388024
194	0.0006213017
195	0.0006444299
196	0.0005280674
197	0.0004199134
198	0.0003826107
199	0.0003494118
200	0.0003611112
201	0.0002828780
202	0.0002543086
203	0.0002588591
204	0.0002106778
205	0.0002033838
206	0.0001949275
207	0.0001779006
208	0.0002643795
209	0.0002975128
210	0.0002299062
211	0.0003276170
212	0.0003062345
213	0.0002378767
214	0.0002828967
215	0.0002636233
216	0.0002560734
217	0.0002467974
218	0.0003132413
219	0.0002938354
220	0.0002640611
221	0.0003199039
222	0.0002992116
223	0.0002854999
224	0.0003632006
225	0.0004112758
226	0.0003871448
227	0.0003408761
228	0.0003421865
229	0.0003742582
230	0.0002985518
231	0.0002877578
232	0.0002901113
233	0.0002530633
234	0.0002575397
235	0.0003118330
236	0.0002850644
237	0.0003283585
238	0.0003563116
239	0.0003097121
240	0.0003849669
241	0.0004801883
242	0.0004411648
243	0.0003534704
244	0.0004286984
245	0.0004724244
246	0.0004482984
247	0.0004891400
248	0.0004798429
249	0.0004444174
250	0.0004178648
251	0.0004147141
252	0.0005765567
253	0.0005427389
254	0.0005339977
255	0.0005786059
256	0.0005595871
257	0.0005757506
258	0.0006040499
259	0.0006252451
260	0.0007659169
261	0.0008724945
262	0.0008944767
263	0.0006703684
264	0.0007592889
265	0.0010222017
266	0.0009837797
267	0.0009127565
268	0.0009878449
269	0.0010519817
270	0.0010536173
271	0.0009434487
272	0.0007789088
273	0.0007594232
274	0.0008465148
275	0.0009031704
276	0.0007842954
277	0.0006829086
278	0.0006204594
279	0.0006480991
280	0.0006754910
281	0.0006446550
282	0.0006591875
283	0.0007476769
284	0.0008204886
285	0.0008994692
286	0.0007921502
287	0.0007018441
288	0.0007004744
289	0.0007052618
290	0.0007049262
291	0.0007436895
292	0.0008692016
293	0.0007967658
294	0.0010001279
295	0.0013713320
296	0.0016927894
297	0.0014963072
298	0.0015865290
299	0.0017226334
300	0.0021145956
301	0.0020980749
302	0.0021854530
303	0.0025275901
304	0.0031733788
305	0.0029123654
306	0.0026855823
307	0.0034974071
308	0.0035472643
309	0.0038033235
310	0.0035934097
311	0.0027121264
312	0.0024064137
313	0.0023728798
314	0.0026879872
315	0.0033781577
316	0.0030612105
317	0.0030180025
318	0.0031107715
319	0.0026085374
320	0.0021633720
321	0.0018971148
322	0.0019461892
323	0.0018511352
324	0.0019331310
325	0.0016234420
326	0.0020252529
327	0.0022220185
328	0.0021992861
329	0.0022701747
330	0.0018762202
331	0.0017893717
332	0.0014723741
333	0.0011771983
334	0.0009717145
335	0.0008595288
336	0.0009129721
337	0.0010279975
338	0.0009775595
339	0.0010010113
340	0.0010526694
341	0.0010996504
342	0.0011925222
343	0.0012443073
344	0.0015238211
345	0.0014298229
346	0.0010594068
347	0.0011518501
348	0.0011643675
349	0.0012060876
350	0.0011328299
351	0.0011866244
352	0.0012539125
353	0.0012541254
354	0.0013762163
355	0.0015243075
356	0.0014493994
357	0.0015597220
358	0.0016752551
359	0.0018450342
360	0.0021189849
361	0.0018230856
362	0.0020050907
363	0.0023501369
364	0.0022779210
365	0.0023879472
366	0.0025586621
367	0.0029567394
368	0.0026220835
369	0.0028576325
370	0.0030597029
371	0.0027373794
372	0.0030473957
373	0.0035686656
374	0.0033474073
375	0.0033169140
376	0.0035294993
377	0.0033396804
378	0.0034571993
379	0.0036099250
380	0.0035521586
381	0.0042254468
382	0.0037701048
383	0.0030673898
384	0.0030831906
385	0.0032162289
386	0.0042981622
387	0.0045361533
388	0.0039170953
389	0.0036616335
390	0.0042434996
391	0.0049531623
392	0.0055001401
393	0.0064956439
394	0.0048995214
395	0.0052062897
396	0.0048333202
397	0.0042153564
398	0.0050033112
399	0.0053680278
400	0.0049257558
401	0.0038442707
402	0.0042027091
403	0.0046639983
404	0.0044720666
405	0.0043258150
406	0.0042692805
407	0.0043192105
408	0.0045340960
409	0.0039938251
410	0.0040177782
411	0.0038140544
412	0.0035495076
413	0.0041058511
414	0.0038097892
415	0.0039817262
416	0.0044663148
417	0.0038680788
418	0.0033158362
419	0.0043631014
420	0.0043503493
421	0.0041810172
422	0.0041243769
423	0.0034788474
424	0.0041239718
425	0.0045772451
426	0.0049332031
427	0.0052156043
428	0.0056937067
429	0.0058337715
430	0.0062452340
431	0.0076235156
432	0.0085662231
433	0.0085114678
434	0.0105893817
435	0.0116157625
436	0.0115321670
437	0.0125262355
438	0.0137994234
439	0.0145436460
440	0.0142876878
441	0.0129262153
442	0.0122378245
443	0.0141408350
444	0.0176511724
445	0.0132200792
446	0.0138561660
447	0.0160981975
448	0.0178932883
449	0.0135629857
450	0.0119030168
451	0.0137134586
452	0.0170898903
453	0.0185104813
454	0.0160312187
455	0.0132429525
456	0.0140862279
457	0.0108263940
458	0.0119400760
459	0.0148624983
460	0.0138663677
461	0.0136737935
462	0.0166271590
463	0.0210644994
464	0.0183235742
465	0.0190366302
466	0.0204846002
467	0.0201843008
468	0.0229563210
469	0.0237732045
470	0.0275077615
471	0.0248028189
472	0.0269502532
473	0.0268316921
474	0.0248689000
475	0.0267219990
476	0.0270009954
477	0.0361629277
478	0.0322545916
479	0.0287864897
480	0.0317048728
481	0.0310827363
482	0.0275112372
483	0.0245602317
484	0.0238664299
485	0.0217119101
486	0.0223319493
487	0.0172092523
488	0.0155172190
489	0.0157897715
490	0.0121235540
491	0.0114558917
492	0.0099518923
493	0.0098663121
494	0.0103639634
495	0.0094428994
496	0.0101746069
497	0.0109422915
498	0.0106371362
499	0.0105971508
500	0.0115081472
501	0.0124588646
502	0.0121109346
503	0.0138688656
504	0.0154936835
505	0.0157561973
506	0.0121844662
507	0.0132392142
508	0.0151904067
509	0.0167996660
510	0.0158840548
511	0.0144973816
512	0.0133895734
513	0.0144413402
514	0.0143713793
515	0.0136501715
516	0.0142983925
517	0.0144169023
518	0.0147443041
519	0.0145658199
520	0.0156495832
521	0.0171819218
522	0.0135011626
523	0.0173954628
524	0.0189959854
525	0.0173044279
526	0.0185273457
527	0.0150685944
528	0.0123506309
529	0.0151578030
530	0.0195326880
531	0.0170231257
532	0.0158088226
533	0.0160697997
534	0.0171433967
535	0.0197600052
536	0.0179872569
537	0.0209942944
538	0.0207591895
539	0.0230735615
540	0.0236789975
541	0.0239682272
542	0.0287559219
543	0.0256051235
544	0.0191733949
545	0.0162234548
546	0.0201833490
547	0.0249360818
548	0.0229991619
549	0.0216010194
550	0.0190018583
551	0.0180437341
552	0.0198113527
553	0.0219383538
554	0.0122531857
555	0.0126045598
556	0.0119465487
557	0.0105145462
558	0.0109245107
559	0.0122189056
560	0.0144907264
561	0.0112851374
562	0.0118224649
563	0.0122152958
564	0.0121839857
565	0.0107231271
566	0.0099726934
567	0.0097442959
568	0.0093101868
569	0.0094018569
570	0.0096587939
571	0.0092910295
572	0.0077546900
573	0.0076574655
574	0.0079630595
575	0.0093551055
576	0.0069946293
577	0.0061434428
578	0.0058060181
579	0.0054843063
580	0.0058431905
581	0.0059022140
582	0.0073333019
583	0.0058025382
584	0.0060103019
585	0.0049704183
586	0.0049450980
587	0.0070252479
588	0.0068910434
589	0.0055206446
590	0.0055708326
591	0.0057005254
592	0.0062252441
593	0.0047663772
594	0.0061405525
595	0.0070396457
596	0.0055112364
597	0.0050409315
598	0.0054777763
599	0.0049442984
600	0.0047512744
601	0.0052094623
602	0.0051204753
603	0.0047776066
604	0.0057706414
605	0.0059484001
606	0.0058039539
607	0.0047963182
608	0.0044494821
609	0.0047266134
610	0.0048472630
611	0.0050913715
612	0.0042529763
613	0.0045029167
614	0.0045186244
615	0.0042743464
616	0.0050171711
617	0.0051567811
618	0.0057033254
619	0.0044230064
620	0.0041713156
621	0.0043337885
622	0.0050114579
623	0.0044790702
624	0.0044473275
625	0.0043555950
626	0.0048814905
627	0.0045081330
628	0.0044618365
629	0.0036763009
630	0.0039568841
631	0.0040421514
632	0.0032797761
633	0.0034757166
634	0.0035608793
635	0.0036749421
636	0.0030514710
637	0.0035699473
638	0.0035316702
639	0.0035169635
640	0.0039801025
641	0.0037700683
642	0.0035707334
643	0.0045115035
644	0.0044550742
645	0.0047054198
646	0.0040675965
647	0.0049418500
648	0.0039625484
649	0.0038474521
650	0.0044539212
651	0.0051283352
652	0.0050607868
653	0.0046445816
654	0.0049153366
655	0.0044111218
656	0.0041793594
657	0.0038888247
658	0.0044741370
659	0.0044424566
660	0.0044947420
661	0.0040771058
662	0.0034586103
663	0.0038170570
664	0.0037654617
665	0.0039850897
666	0.0043711034
667	0.0043061255
668	0.0043566301
669	0.0046544159
670	0.0046280515
671	0.0055550537
672	0.0046296739
673	0.0048163314
674	0.0043188720
675	0.0040230807
676	0.0044811694
677	0.0044582561
678	0.0047105360
679	0.0049048467
680	0.0046766051
681	0.0043648928
682	0.0051895771
683	0.0048833275
684	0.0042218342
685	0.0045600384
686	0.0057185013
687	0.0049458868
688	0.0051838406
689	0.0049023260
690	0.0050222580
691	0.0059909211
692	0.0051749325
693	0.0047441465
694	0.0041928701
695	0.0040947045
696	0.0045318161
697	0.0053920164
698	0.0056849262
699	0.0047459402
700	0.0046140989
701	0.0056074196
702	0.0051829703
703	0.0047995243
704	0.0049389084
705	0.0044869129
706	0.0048784018
707	0.0052677812
708	0.0047359164
709	0.0047346996
710	0.0046909479
711	0.0048059155
712	0.0044789053
713	0.0038047377
714	0.0041772821
715	0.0047423989
716	0.0045796083
717	0.0049319793
718	0.0043483898
719	0.0050212680
720	0.0048490614
721	0.0054856674
722	0.0063965563
723	0.0055684419
724	0.0052677253
725	0.0061759455
726	0.0065160519
727	0.0056770416
728	0.0043067262
729	0.0035942439
730	0.0042989603
731	0.0052751140
732	0.0054733627
733	0.0056148386
734	0.0062474431
735	0.0059256344
736	0.0044878079
737	0.0043297336
738	0.0043100030
739	0.0045382315
740	0.0049104984
741	0.0059636063
742	0.0056518097
743	0.0054708850
744	0.0063189776
745	0.0073831612
746	0.0078840498
747	0.0077280700
748	0.0062442920
749	0.0057045445
750	0.0058597564
751	0.0058110310
752	0.0054457616
753	0.0055765421
754	0.0061095706
755	0.0075736111
756	0.0071227336
757	0.0053139953
758	0.0047376663
759	0.0056233732
760	0.0054294835
761	0.0060110171
762	0.0056204260
763	0.0051100510
764	0.0051039108
765	0.0050948267
766	0.0054860986
767	0.0055957995
768	0.0061057629
769	0.0060604988
770	0.0062255813
771	0.0056591239
772	0.0059659882
773	0.0054936414
774	0.0059904377
775	0.0061646127
776	0.0060304287
777	0.0055797123
778	0.0055128355
779	0.0060166889
780	0.0059275688
781	0.0058324360
782	0.0057020090
783	0.0058937608
784	0.0054731485
785	0.0052882987
786	0.0056642103
787	0.0055597555
788	0.0057949321
789	0.0062232106
790	0.0062235342
791	0.0061483630
792	0.0054279473
793	0.0050842725
794	0.0054743085
795	0.0057649757
796	0.0058303480
797	0.0053631668
798	0.0055843135
799	0.0053798230
800	0.0050687590
801	0.0052703260
802	0.0059909709
803	0.0052015320
804	0.0057698926
805	0.0062321373
806	0.0057537486
807	0.0054304777
808	0.0051205307
809	0.0049833702
810	0.0050814929
811	0.0043178285
812	0.0046914895
813	0.0047684344
814	0.0050883912
815	0.0040513137
816	0.0048165233
817	0.0054309834
818	0.0057554566
819	0.0048136953
820	0.0041817999
821	0.0046129315
822	0.0048332843
823	0.0038333498
824	0.0037675721
825	0.0041220365
826	0.0043628369
827	0.0046013123
828	0.0049235774
829	0.0052345945
830	0.0051181135
831	0.0043883552
832	0.0040772399
833	0.0044837920
834	0.0066035162
835	0.0074426467
836	0.0065519330
837	0.0057263132
838	0.0054234322
839	0.0060040881
840	0.0066225962
841	0.0077416794
842	0.0071983356
843	0.0087920567
844	0.0094549078
845	0.0113847004
846	0.0131220464
847	0.0125659127
848	0.0103672659
849	0.0095569026
850	0.0080151707
851	0.0067963488
852	0.0085439496
853	0.0099072624
854	0.0117166871
855	0.0154012535
856	0.0180209074
857	0.0223307181
858	0.0224587154
859	0.0214610081
860	0.0224348363
861	0.0201211143
862	0.0190897211
863	0.0194367208
864	0.0193629283
865	0.0182849281
866	0.0151578179
867	0.0146549074
868	0.0130862771
869	0.0117660100
870	0.0121014016
871	0.0093688723
872	0.0082155187
873	0.0084559387
874	0.0083452594
875	0.0081042238
876	0.0074766674
877	0.0070389463
878	0.0072905729
879	0.0080218920
880	0.0070836772
881	0.0064462512
882	0.0068473327
883	0.0066308598
884	0.0063869287
885	0.0060167774
886	0.0057725054
887	0.0053629153
888	0.0058347885
889	0.0053771199
890	0.0054429788
891	0.0052399761
892	0.0054099029
893	0.0047591911
894	0.0050551561
895	0.0047927783
896	0.0046457276
897	0.0044363490
898	0.0040805954
899	0.0045377151
900	0.0050314297
901	0.0045530032
902	0.0044723758
903	0.0045922142
904	0.0038352241
905	0.0033753058
906	0.0034354618
907	0.0034151953
908	0.0039622160
909	0.0032383061
910	0.0033523152
911	0.0037019192
912	0.0040228860
913	0.0038203089
914	0.0038821604
915	0.0035941764
916	0.0037423600
917	0.0034423645
918	0.0038145657
919	0.0042620138
920	0.0040100822
921	0.0041901050
922	0.0039163483
923	0.0039850511
924	0.0043049934
925	0.0054488597
926	0.0051270402
927	0.0055232542
928	0.0054029687
929	0.0053012841
930	0.0050108233
931	0.0044630575
932	0.0038694548
933	0.0051444266
934	0.0051560095
935	0.0048772362
936	0.0048020859
937	0.0047943853
938	0.0043056956
939	0.0039623138
940	0.0044194199
941	0.0046773632
942	0.0045360066
943	0.0037159692
944	0.0044129379
945	0.0042549530
946	0.0040269289
947	0.0038055761
948	0.0036568050
949	0.0037963823
950	0.0034125177
951	0.0033088175
952	0.0043920078
953	0.0039481162
954	0.0037016023
955	0.0042863716
956	0.0048189294
957	0.0040187878
958	0.0039328635
959	0.0041805934
960	0.0053112684
961	0.0046831574
962	0.0054031899
963	0.0055374438
964	0.0058060642
965	0.0055960193
966	0.0055468325
967	0.0057666413
968	0.0053563812
969	0.0056708059
970	0.0062395912
971	0.0063011968
972	0.0061582178
973	0.0062086936
974	0.0066227671
975	0.0068323999
976	0.0071101277
977	0.0067301779
978	0.0074099614
979	0.0072724223
980	0.0071832426
981	0.0069349278
982	0.0082741976
983	0.0085252374
984	0.0096267574
985	0.0089732045
986	0.0088203698
987	0.0101604331
988	0.0104207471
989	0.0120259365
990	0.0128120231
991	0.0129058557
992	0.0145180309
993	0.0137988599
994	0.0137478346
995	0.0133853322
996	0.0126985880
997	0.0146504445
998	0.0148911327
999	0.0140701020
1000	0.0113376789
1001	0.0103816809
1002	0.0099963965
1003	0.0116174808
1004	0.0119863488
1005	0.0113558695
1006	0.0101441238
1007	0.0101711685
1008	0.0095704356
1009	0.0090782139
1010	0.0095901201
1011	0.0090252943
1012	0.0080585247
1013	0.0080433115
1014	0.0072890981
1015	0.0066601951
1016	0.0093030985
1017	0.0090855174
1018	0.0075123045
1019	0.0072409324
1020	0.0080284951
1021	0.0063104453
1022	0.0064675324
1023	0.0075411913
1024	0.0092533864
1025	0.0072469302
1026	0.0068851071
1027	0.0074170721
1028	0.0085817939
1029	0.0111545548
1030	0.0095928172
1031	0.0076811491
1032	0.0083383229
1033	0.0077759195
1034	0.0068064756
1035	0.0087442221
1036	0.0085334228
1037	0.0079068551
1038	0.0055713304
1039	0.0060663642
1040	0.0057400176
1041	0.0057906788
1042	0.0049697724
1043	0.0064120432
1044	0.0064148642
1045	0.0064922129
1046	0.0059895501
1047	0.0055712829
1048	0.0058309529
1049	0.0061521577
1050	0.0056535741
1051	0.0061668348
1052	0.0063771601
1053	0.0066810255
1054	0.0065600681
1055	0.0060417093
1056	0.0060735093
1057	0.0065068570
1058	0.0050870911
1059	0.0063429750
1060	0.0055465270
1061	0.0056502302
1062	0.0062418403
1063	0.0063781966
1064	0.0055846535
1065	0.0063601751
1066	0.0057202256
1067	0.0057005668
1068	0.0058427774
1069	0.0054530101
1070	0.0053502945
1071	0.0063456059
1072	0.0059346622
1073	0.0063528433
1074	0.0070053432
1075	0.0049823974
1076	0.0048824865
1077	0.0046396190
1078	0.0045406427
1079	0.0040767593
1080	0.0033993821
1081	0.0034833306
1082	0.0034119764
1083	0.0029527419
1084	0.0032780697
1085	0.0032436254
1086	0.0030391722
1087	0.0027264436
1088	0.0024181139
1089	0.0024712249
1090	0.0028916344
1091	0.0025310153
1092	0.0025866674
1093	0.0024163844
1094	0.0020506694
1095	0.0022656503
1096	0.0026277893
1097	0.0025252132
1098	0.0026687579
1099	0.0033907981
1100	0.0029769342
1101	0.0029937667
1102	0.0037606072
1103	0.0031615549
1104	0.0036474548
1105	0.0034818319
1106	0.0035891652
1107	0.0037398797
1108	0.0039704377
1109	0.0036481076
1110	0.0029026978
1111	0.0029102336
1112	0.0028109981
1113	0.0024731588
1114	0.0034375847
1115	0.0035656602
1116	0.0029959108
1117	0.0028785830
1118	0.0038943077
1119	0.0034470086
1120	0.0033484553
1121	0.0027528773
1122	0.0032327278
1123	0.0024754454
1124	0.0022435414
1125	0.0022210870
1126	0.0023923493
1127	0.0022257944
1128	0.0021987960
1129	0.0021925659
1130	0.0022675884
1131	0.0021765230
1132	0.0021848048
1133	0.0019159487
1134	0.0019878347
1135	0.0027231982
1136	0.0022173212
1137	0.0022940638
1138	0.0031592539
1139	0.0029497908
1140	0.0029599767
1141	0.0026029511
1142	0.0024553456
1143	0.0025045064
1144	0.0022514558
1145	0.0024710281
1146	0.0022924675
1147	0.0019987561
1148	0.0023187574
1149	0.0025617697
1150	0.0021681746
1151	0.0018733818
1152	0.0020742305
1153	0.0018372871
1154	0.0020006872
1155	0.0019932552
1156	0.0019903881
1157	0.0019167676
1158	0.0016763161
1159	0.0018334212
1160	0.0016016278
1161	0.0016564229
1162	0.0016553330
1163	0.0016017304
1164	0.0016970730
1165	0.0017954396
1166	0.0019098725
1167	0.0019586571
1168	0.0019211976
1169	0.0021290712
1170	0.0019634680
1171	0.0017957037
1172	0.0020118994
1173	0.0019530187
1174	0.0022602107
1175	0.0021605678
1176	0.0019906168
1177	0.0020385645
1178	0.0017714419
1179	0.0018502879
1180	0.0018517803
1181	0.0023454695
1182	0.0021717108
1183	0.0022595364
1184	0.0023434218
1185	0.0022066662
1186	0.0022026398
1187	0.0029142948
1188	0.0026300293
1189	0.0022993812
1190	0.0024442747
1191	0.0025419116
1192	0.0028496757
1193	0.0026604913
1194	0.0030579062
1195	0.0029557743
1196	0.0030490370
1197	0.0030901658
1198	0.0031172417
1199	0.0032788757
1200	0.0037461729
1201	0.0048166718
1202	0.0042837812
1203	0.0038146076
1204	0.0038624920
1205	0.0037758634
1206	0.0038881805
1207	0.0047203107
1208	0.0047793500
1209	0.0056813965
1210	0.0052168737
1211	0.0057696062
1212	0.0056544878
1213	0.0059725018
1214	0.0051834960
1215	0.0057719997
1216	0.0065323850
1217	0.0072047827
1218	0.0067594736
1219	0.0067877658
1220	0.0082304683
1221	0.0098627172
1222	0.0091477120
1223	0.0076349000
1224	0.0085173920
1225	0.0086967954
1226	0.0090374928
1227	0.0083896145
1228	0.0102901859
1229	0.0104624461
1230	0.0107308729
1231	0.0102163367
1232	0.0101932734
1233	0.0112420591
1234	0.0111078070
1235	0.0106728431
1236	0.0117168939
1237	0.0149344290
1238	0.0133031690
1239	0.0113701206
1240	0.0172393415
1241	0.0181616638
1242	0.0137257939
1243	0.0129274996
1244	0.0174273569
1245	0.0200172924
1246	0.0219357926
1247	0.0217960496
1248	0.0226037037
1249	0.0212593433
1250	0.0206486676
1251	0.0205909871
1252	0.0182093941
1253	0.0159695763
1254	0.0158554483
1255	0.0140926288
1256	0.0129151922
1257	0.0111125037
1258	0.0096001327
1259	0.0131956385
1260	0.0130044557
1261	0.0119905090
1262	0.0140934084
1263	0.0103890831
1264	0.0115487529
1265	0.0093304235
1266	0.0086119529
1267	0.0082147401
1268	0.0083199302
1269	0.0087281000
1270	0.0074664019
1271	0.0097530829
1272	0.0091606881
1273	0.0107983574
1274	0.0092758434
1275	0.0068646134
1276	0.0078678383
1277	0.0055926759
1278	0.0059842658
1279	0.0060274745
1280	0.0088781938
1281	0.0090789972
1282	0.0088424515
1283	0.0065304958
1284	0.0080190552
1285	0.0114828814
1286	0.0101951212
1287	0.0067583849
1288	0.0051915669
1289	0.0048612263
1290	0.0043188198
1291	0.0034900887
1292	0.0039389739
1293	0.0032432082
1294	0.0030731377
1295	0.0039685895
1296	0.0044211247
1297	0.0046006278
1298	0.0040388652
1299	0.0047452645
1300	0.0045571444
1301	0.0042486060
1302	0.0039218427
1303	0.0032417341
1304	0.0026227033
1305	0.0032953012
1306	0.0036293003
1307	0.0041129543
1308	0.0048738834
1309	0.0043804818
1310	0.0036182581
1311	0.0032673113
1312	0.0036142911
1313	0.0040252907
1314	0.0032054288
1315	0.0029391015
1316	0.0027314567
1317	0.0031403161
1318	0.0031197802
1319	0.0032032742
1320	0.0031562904
1321	0.0031333938
1322	0.0031246920
1323	0.0026911150
1324	0.0026069980
1325	0.0026242200
1326	0.0030880314
1327	0.0023985647
1328	0.0020492154
1329	0.0023558117
1330	0.0024165544
1331	0.0025127530
1332	0.0022032994
1333	0.0022572055
1334	0.0018865467
1335	0.0018483379
1336	0.0017965045
1337	0.0014975601
1338	0.0013693498
1339	0.0018369206
1340	0.0014891013
1341	0.0017412826
1342	0.0015040707
1343	0.0012351839
1344	0.0013923148
1345	0.0014046397
1346	0.0015319214
1347	0.0015107215
1348	0.0018436441
1349	0.0017078775
1350	0.0015378577
1351	0.0016057469
1352	0.0016776477
1353	0.0016667041
1354	0.0012701473
1355	0.0015457427
1356	0.0016283283
1357	0.0014255822
1358	0.0013123698
1359	0.0014041369
1360	0.0015514970
1361	0.0020312394
1362	0.0018729320
1363	0.0014455059
1364	0.0013068458
1365	0.0014559248
1366	0.0015721384
1367	0.0016643668
1368	0.0016960446
1369	0.0016950208
1370	0.0014919187
1371	0.0013581971
1372	0.0012309542
1373	0.0012478178
1374	0.0013779232
1375	0.0013320869
1376	0.0011835562
1377	0.0011317033
1378	0.0011623695
1379	0.0012603393
1380	0.0013065975
1381	0.0013703372
1382	0.0013101440
1383	0.0012219691
1384	0.0011746618
1385	0.0008639504
1386	0.0009532649
1387	0.0010063960
1388	0.0009562193
1389	0.0009274551
1390	0.0009539434
1391	0.0010429309
1392	0.0009949619
1393	0.0010950658
1394	0.0010244359
1395	0.0008827282
1396	0.0011138716
1397	0.0012655733
1398	0.0014656665
1399	0.0011892772
1400	0.0008939825
1401	0.0008592953
1402	0.0009577711
1403	0.0011005983
1404	0.0009728740
1405	0.0007622972
1406	0.0007175162
1407	0.0007113817
1408	0.0007835079
1409	0.0007640547
1410	0.0006554954
1411	0.0007445882
1412	0.0008375696
1413	0.0007944760
1414	0.0006406129
1415	0.0006412140
1416	0.0007134232
1417	0.0007164896
1418	0.0006836702
1419	0.0007687175
1420	0.0006953306
1421	0.0008536210
1422	0.0008232291
1423	0.0008109118
1424	0.0006882568
1425	0.0006334701
1426	0.0005095419
1427	0.0005517643
1428	0.0005324278
1429	0.0005648818
1430	0.0005580971
1431	0.0005034829
1432	0.0005049760
1433	0.0005346338
1434	0.0005931663
1435	0.0004228982
1436	0.0004630691
1437	0.0005283948
1438	0.0005277046
1439	0.0004674161
1440	0.0004797796
1441	0.0004691074
1442	0.0004899866
1443	0.0005179134
1444	0.0003947980
1445	0.0004562308
1446	0.0005826952
1447	0.0005208818
1448	0.0004755470
1449	0.0005216682
1450	0.0005423462
1451	0.0005914001
1452	0.0005244390
1453	0.0004856217
1454	0.0004588499
1455	0.0004396921
1456	0.0004127943
1457	0.0005304395
1458	0.0006045031
1459	0.0004286325
1460	0.0004843257
1461	0.0005002037
1462	0.0004557002
1463	0.0004544938
1464	0.0005136945
1465	0.0005981013
1466	0.0004582397
1467	0.0005021274
1468	0.0005154280
1469	0.0004905228
1470	0.0005760523
1471	0.0004806658
1472	0.0005108927
1473	0.0005523448
1474	0.0005349772
1475	0.0005920611
1476	0.0006471936
1477	0.0007000389
1478	0.0007404592
1479	0.0007893672
1480	0.0007127972
1481	0.0007383154
1482	0.0008468546
1483	0.0009627979
1484	0.0009904683
1485	0.0010903878
1486	0.0010832887
1487	0.0011381304
1488	0.0010966145
1489	0.0010079732
1490	0.0011737191
1491	0.0009828750
1492	0.0008643806
1493	0.0009012274
1494	0.0010905284
1495	0.0011630058
1496	0.0013647916
1497	0.0012423629
1498	0.0013698087
1499	0.0015518020
1500	0.0013350404
1501	0.0015539589
1502	0.0014967935
1503	0.0012937237
1504	0.0013936958
1505	0.0014238005
1506	0.0014901492
1507	0.0016134264
1508	0.0014668335
1509	0.0016316692
1510	0.0018490840
1511	0.0018281527
1512	0.0020046604
1513	0.0022453850
1514	0.0022312095
1515	0.0022513985
1516	0.0020771578
1517	0.0022441882
1518	0.0025791205
1519	0.0021988384
1520	0.0024459655
1521	0.0028303459
1522	0.0021777467
1523	0.0019892987
1524	0.0020545558
1525	0.0024112847
1526	0.0023259358
1527	0.0022708329
1528	0.0029677029
1529	0.0036041229
1530	0.0029599972
1531	0.0028679438
1532	0.0031386861
1533	0.0032982284
1534	0.0028564872
1535	0.0024965811
1536	0.0033875238
1537	0.0036569680
1538	0.0027478288
1539	0.0023627593
1540	0.0020704078
1541	0.0025791025
1542	0.0029900249
1543	0.0022908109
1544	0.0017363090
1545	0.0014209661
1546	0.0013681246
1547	0.0014030139
1548	0.0013406881
1549	0.0013338226
1550	0.0010445726
1551	0.0012522782
1552	0.0014507982
1553	0.0013036767
1554	0.0010643878
1555	0.0011919206
1556	0.0012424609
1557	0.0012679499
1558	0.0015338167
1559	0.0015874014
1560	0.0013362325
1561	0.0013393731
1562	0.0016400084
1563	0.0016903599
1564	0.0014127233
1565	0.0015438013
1566	0.0014234836
1567	0.0014513895
1568	0.0013856649
1569	0.0013645574
1570	0.0015059478
1571	0.0015947426
1572	0.0015660767
1573	0.0013917559
1574	0.0014178404
1575	0.0014686319
1576	0.0017284086
1577	0.0016808319
1578	0.0015709077
1579	0.0016891867
1580	0.0018434395
1581	0.0017962937
1582	0.0014712358
1583	0.0017514941
1584	0.0015756724
1585	0.0016298200
1586	0.0019371506
1587	0.0017681749
1588	0.0018886058
1589	0.0020009906
1590	0.0018460116
1591	0.0017286650
1592	0.0018825460
1593	0.0017808038
1594	0.0020621300
1595	0.0021990442
1596	0.0019715028
1597	0.0023596666
1598	0.0025086591
1599	0.0022037311
1600	0.0024297026
1601	0.0026688010
1602	0.0024003156
1603	0.0025246451
1604	0.0024657527
1605	0.0023594298
1606	0.0022798425
1607	0.0024191844
1608	0.0028754428
1609	0.0028685059
1610	0.0028106119
1611	0.0025636218
1612	0.0029855426
1613	0.0031023468
1614	0.0029694098
1615	0.0026642361
1616	0.0026567157
1617	0.0025873363
1618	0.0033633362
1619	0.0034829825
1620	0.0034246088
1621	0.0035207025
1622	0.0031234692
1623	0.0030391985
1624	0.0033736699
1625	0.0036785514
1626	0.0045568543
1627	0.0038430523
1628	0.0036566018
1629	0.0037774134
1630	0.0033700946
1631	0.0037428229
1632	0.0039964793
1633	0.0037313357
1634	0.0038105925
1635	0.0030664762
1636	0.0033041323
1637	0.0035217288
1638	0.0030987212
1639	0.0025236853
1640	0.0027778263
1641	0.0035033198
1642	0.0036350549
1643	0.0027871705
1644	0.0031530273
1645	0.0033121544
1646	0.0028942712
1647	0.0026688906
1648	0.0026402751
1649	0.0027086048
1650	0.0026425503
1651	0.0026868954
1652	0.0025352815
1653	0.0022013022
1654	0.0025382573
1655	0.0027991366
1656	0.0023966855
1657	0.0023836035
1658	0.0022814209
1659	0.0021049259
1660	0.0020891069
1661	0.0021802031
1662	0.0021174613
1663	0.0020402141
1664	0.0021855021
1665	0.0023964799
1666	0.0019575446
1667	0.0020658851
1668	0.0017160544
1669	0.0017334053
1670	0.0019027410
1671	0.0021022458
1672	0.0022582787
1673	0.0022935728
1674	0.0020206661
1675	0.0020993543
1676	0.0017505945
1677	0.0017693172
1678	0.0018500917
1679	0.0016782170
1680	0.0015642062
1681	0.0018007174
1682	0.0017465820
1683	0.0018400681
1684	0.0024867156
1685	0.0024978453
1686	0.0017434756
1687	0.0017376696
1688	0.0018309170
1689	0.0018263577
1690	0.0015272837
1691	0.0017849491
1692	0.0020454254
1693	0.0022389118
1694	0.0020946355
1695	0.0021020309
1696	0.0022446755
1697	0.0024786780
1698	0.0021757395
1699	0.0019033366
1700	0.0018748294
1701	0.0021889333
1702	0.0025162492
1703	0.0027102369
1704	0.0025703299
1705	0.0027151674
1706	0.0030923490
1707	0.0025745898
1708	0.0022898286
1709	0.0018662116
1710	0.0019742362
1711	0.0022751016
1712	0.0031733040
1713	0.0031476517
1714	0.0023055200
1715	0.0017155340
1716	0.0020909214
1717	0.0020584161
1718	0.0022151570
1719	0.0021018272
1720	0.0017817529
1721	0.0017709057
1722	0.0019555846
1723	0.0016698517
1724	0.0015934217
1725	0.0019369216
1726	0.0017980998
1727	0.0014632426
1728	0.0013556377
1729	0.0014671079
1730	0.0017346538
1731	0.0018424372
1732	0.0015769941
1733	0.0013534263
1734	0.0011326818
1735	0.0011885868
1736	0.0013006994
1737	0.0011320452
1738	0.0011783825
1739	0.0010964950
1740	0.0009887065
1741	0.0008847324
1742	0.0009240552
1743	0.0011029254
1744	0.0011528095
1745	0.0009899857
1746	0.0008779106
1747	0.0008342129
1748	0.0009339602
1749	0.0008625297
1750	0.0008163609
1751	0.0008642940
1752	0.0007422232
1753	0.0006506890
1754	0.0008054165
1755	0.0008353912
1756	0.0010571809
1757	0.0010247185
1758	0.0009094961
1759	0.0008361520
1760	0.0008639440
1761	0.0009199423
1762	0.0008435103
1763	0.0006639064
1764	0.0006587962
1765	0.0007316532
1766	0.0008387358
1767	0.0009889054
1768	0.0008034610
1769	0.0006722132
1770	0.0009491963
1771	0.0010130209
1772	0.0008485502
1773	0.0006695616
1774	0.0007284220
1775	0.0007826795
1776	0.0006389118
1777	0.0006869563
1778	0.0007162965
1779	0.0006418585
1780	0.0006700969
1781	0.0006530749
1782	0.0007143191
1783	0.0008769238
1784	0.0007492987
1785	0.0006861551
1786	0.0006797831
1787	0.0005472982
1788	0.0005685359
1789	0.0006421261
1790	0.0007031172
1791	0.0007123307
1792	0.0008199901
1793	0.0007452300
1794	0.0006429356
1795	0.0006020448
1796	0.0007515969
1797	0.0008933438
1798	0.0007153107
1799	0.0006303073
1800	0.0005370417
1801	0.0005000217
1802	0.0005589958
1803	0.0005262621
1804	0.0005226467
1805	0.0005457112
1806	0.0005443984
1807	0.0006107140
1808	0.0005842653
1809	0.0006399725
1810	0.0006045160
1811	0.0005690708
1812	0.0006451308
1813	0.0006436074
1814	0.0006777352
1815	0.0006584548
1816	0.0005139593
1817	0.0005881051
1818	0.0006471841
1819	0.0006318119
1820	0.0006648271
1821	0.0006559688
1822	0.0005483609
1823	0.0005078114
1824	0.0006390504
1825	0.0007520271
1826	0.0006579756
1827	0.0007408867
1828	0.0007820043
1829	0.0006189580
1830	0.0006615191
1831	0.0007067639
1832	0.0007395810
1833	0.0006213744
1834	0.0005984296
1835	0.0006120571
1836	0.0008187441
1837	0.0006086389
1838	0.0006506888
1839	0.0007532721
1840	0.0007913317
1841	0.0006920838
1842	0.0006648130
1843	0.0006909064
1844	0.0007026453
1845	0.0007362514
1846	0.0008452609
1847	0.0008138699
1848	0.0007679948
1849	0.0007522749
1850	0.0008517625
1851	0.0009148236
1852	0.0009474613
1853	0.0008023949
1854	0.0008783272
1855	0.0007840677
1856	0.0008491498
1857	0.0010662015
1858	0.0011577622
1859	0.0008639275
1860	0.0009037202
1861	0.0009004585
1862	0.0008686255
1863	0.0009956612
1864	0.0008856275
1865	0.0010926415
1866	0.0010613871
1867	0.0010800035
1868	0.0013598076
1869	0.0012293806
1870	0.0013916714
1871	0.0016495631
1872	0.0014256423
1873	0.0014133226
1874	0.0014384195
1875	0.0014834475
1876	0.0015184308
1877	0.0014743574
1878	0.0015822683
1879	0.0017253122
1880	0.0016214713
1881	0.0015923170
1882	0.0017116017
1883	0.0019840538
1884	0.0017769855
1885	0.0014989378
1886	0.0018277259
1887	0.0018673722
1888	0.0019253264
1889	0.0021212373
1890	0.0022002822
1891	0.0020775271
1892	0.0017473398
1893	0.0017874136
1894	0.0025176432
1895	0.0027187013
1896	0.0019529280
1897	0.0022214232
1898	0.0019696045
1899	0.0022000093
1900	0.0027582394
1901	0.0021996391
1902	0.0018570162
1903	0.0020073229
1904	0.0025013143
1905	0.0020003552
1906	0.0019583974
1907	0.0022443286
1908	0.0019219983
1909	0.0019280950
1910	0.0021556499
1911	0.0023128767
1912	0.0019057491
1913	0.0025011490
1914	0.0018998967
1915	0.0016683321
1916	0.0017724216
1917	0.0017352563
1918	0.0017239327
1919	0.0020930113
1920	0.0018410952
1921	0.0018442003
1922	0.0017844798
1923	0.0018220402
1924	0.0017370448
1925	0.0017139748
1926	0.0018490575
1927	0.0020598848
1928	0.0016854012
1929	0.0016950604
1930	0.0015625223
1931	0.0016475975
1932	0.0017950813
1933	0.0017811600
1934	0.0017550981
1935	0.0015132095
1936	0.0017846882
1937	0.0018104643
1938	0.0015125470
1939	0.0014038772
1940	0.0013765163
1941	0.0014578615
1942	0.0012959507
1943	0.0014166284
1944	0.0014665213
1945	0.0013313553
1946	0.0013380655
1947	0.0016483708
1948	0.0015597915
1949	0.0014127272
1950	0.0015377258
1951	0.0014671022
1952	0.0013662928
1953	0.0012359864
1954	0.0013681748
1955	0.0014382233
1956	0.0017703855
1957	0.0015887193
1958	0.0014904502
1959	0.0013340018
1960	0.0015111864
1961	0.0015189584
1962	0.0014456973
1963	0.0018222205
1964	0.0015352498
1965	0.0013924848
1966	0.0015283470
1967	0.0013823324
1968	0.0013438038
1969	0.0015525830
1970	0.0018020594
1971	0.0016945681
1972	0.0014752655
1973	0.0012974163
1974	0.0010896028
1975	0.0013240342
1976	0.0013778849
1977	0.0012199240
1978	0.0011491264
1979	0.0012634437
1980	0.0012247625
1981	0.0014778761
1982	0.0016610153
1983	0.0013203173
1984	0.0013142909
1985	0.0013187138
1986	0.0012345249
1987	0.0012384347
1988	0.0012902360
1989	0.0015037621
1990	0.0012868274
1991	0.0011085988
1992	0.0010268126
1993	0.0009975499
1994	0.0010807852
1995	0.0011240813
1996	0.0013577456
1997	0.0014593981
1998	0.0016260587
1999	0.0014517568
2000	0.0010044124
