5	0.0010839980
6	0.0007976239
7	0.0006366223
8	0.0005952892
9	0.0005438167
10	0.0005588954
11	0.0009980814
12	0.0013672377
13	0.0014738251
14	0.0019604268
15	0.0028482496
16	0.0031448076
17	0.0039218203
18	0.0031465087
19	0.0051435134
20	0.0047244672
21	0.0042986479
22	0.0026487303
23	0.0021349485
24	0.0026129202
25	0.0025891764
26	0.0015282396
27	0.0008989017
28	0.0010012029
29	0.0013846474
30	0.0010768897
31	0.0015192331
32	0.0015290837
33	0.0016450480
34	0.0013283783
35	0.0016296215
36	0.0014333138
37	0.0014078232
38	0.0012934685
39	0.0007570711
40	0.0007920985
41	0.0007741256
42	0.0007558012
43	0.0007841021
44	0.0007650158
45	0.0007254188
46	0.0008607042
47	0.0011389527
48	0.0012243533
49	0.0010925657
50	0.0013604886
51	0.0014560847
52	0.0013590583
53	0.0011070867
54	0.0013765888
55	0.0016937560
56	0.0017020090
57	0.0020979655
58	0.0020684239
59	0.0019152387
60	0.0021307366
61	0.0024441695
62	0.0035666751
63	0.0032890756
64	0.0027993026
65	0.0035495965
66	0.0046742698
67	0.0048027704
68	0.0051043215
69	0.0048576784
70	0.0042387419
71	0.0037944340
72	0.0040816646
73	0.0034941933
74	0.0025918758
75	0.0023290322
76	0.0027280201
77	0.0025254318
78	0.0032027108
79	0.0029062897
80	0.0030931111
81	0.0032049955
82	0.0034958755
83	0.0039124559
84	0.0029817563
85	0.0026080043
86	0.0033575629
87	0.0035944358
88	0.0036437053
89	0.0043924409
90	0.0041938736
91	0.0051522092
92	0.0070813238
93	0.0074114599
94	0.0073263925
95	0.0098331701
96	0.0109392814
97	0.0099463593
98	0.0165092871
99	0.0238411129
100	0.0251125488
101	0.0316169523
102	0.0351237543
103	0.0362173915
104	0.0321708135
105	0.0293172561
106	0.0282940902
107	0.0298913922
108	0.0248993505
109	0.0180394407
110	0.0215604231
111	0.0222972985
112	0.0182769448
113	0.0180487074
114	0.0207055937
115	0.0186372250
116	0.0149751492
117	0.0175437257
118	0.0184060391
119	0.0176261123
120	0.0196663234
121	0.0161541421
122	0.0133974683
123	0.0167068671
124	0.0159810074
125	0.0160127264
126	0.0148398001
127	0.0134227099
128	0.0152433068
129	0.0155619802
130	0.0132852467
131	0.0123460637
132	0.0135557530
133	0.0146697247
134	0.0146465106
135	0.0160004422
136	0.0201697201
137	0.0142524783
138	0.0131540485
139	0.0134903966
140	0.0116084209
141	0.0108714215
142	0.0101372134
143	0.0099060731
144	0.0103025921
145	0.0111631202
146	0.0101587344
147	0.0115910210
148	0.0119348774
149	0.0098696696
150	0.0089087375
151	0.0096625872
152	0.0102773700
153	0.0094746007
154	0.0092409039
155	0.0081900265
156	0.0074043809
157	0.0059563513
158	0.0050621857
159	0.0043465458
160	0.0044249063
161	0.0051092776
162	0.0077378834
163	0.0099059865
164	0.0143904584
165	0.0163923278
166	0.0206176192
167	0.0226551294
168	0.0251660626
169	0.0259560216
170	0.0209286325
171	0.0178793520
172	0.0183453299
173	0.0157568436
174	0.0136305140
175	0.0120951338
176	0.0082215024
177	0.0084660267
178	0.0068258606
179	0.0067463568
180	0.0060506030
181	0.0052664853
182	0.0035531551
183	0.0037398534
184	0.0034842892
185	0.0042042616
186	0.0031935002
187	0.0028379825
188	0.0026029523
189	0.0024150102
190	0.0028185116
191	0.0028180978
192	0.0033452788
193	0.0039351215
194	0.0027337971
195	0.0037059030
196	0.0040144743
197	0.0036543200
198	0.0039620339
199	0.0043114619
200	0.0034806989
201	0.0030035628
202	0.0035204638
203	0.0034095354
204	0.0035029512
205	0.0032832378
206	0.0026865343
207	0.0024902632
208	0.0032364859
209	0.0038483089
210	0.0038253621
211	0.0041170027
212	0.0038451152
213	0.0034164677
214	0.0033591324
215	0.0042000609
216	0.0035747776
217	0.0039405664
218	0.0040430971
219	0.0040259692
220	0.0045759724
221	0.0058024279
222	0.0054057874
223	0.0036596418
224	0.0041690958
225	0.0046045436
226	0.0040606088
227	0.0041225902
228	0.0053994101
229	0.0046793865
230	0.0034886694
231	0.0033385954
232	0.0037392208
233	0.0032965837
234	0.0045732530
235	0.0047509600
236	0.0048506320
237	0.0046234038
238	0.0046906075
239	0.0045008478
240	0.0044485005
241	0.0057992409
242	0.0052947854
243	0.0038334611
244	0.0045926170
245	0.0043490073
246	0.0046704849
247	0.0043366831
248	0.0047430964
249	0.0065341638
250	0.0078331865
251	0.0080918232
252	0.0068401210
253	0.0064350390
254	0.0057931156
255	0.0083209984
256	0.0086718313
257	0.0061360383
258	0.0055962680
259	0.0075468831
260	0.0087026013
261	0.0079718260
262	0.0063874871
263	0.0066032391
264	0.0055258661
265	0.0049301917
266	0.0059776581
267	0.0053709392
268	0.0053721271
269	0.0049902932
270	0.0055016084
271	0.0056358106
272	0.0048821145
273	0.0043971022
274	0.0037867047
275	0.0038871435
276	0.0039631166
277	0.0036112014
278	0.0041892943
279	0.0040640156
280	0.0041615618
281	0.0046386709
282	0.0043832888
283	0.0039205737
284	0.0031168328
285	0.0029815910
286	0.0039546234
287	0.0031259281
288	0.0029303117
289	0.0039115301
290	0.0047151479
291	0.0034678255
292	0.0028435220
293	0.0036319168
294	0.0040367576
295	0.0039358395
296	0.0040045041
297	0.0044960165
298	0.0053693475
299	0.0055155763
300	0.0051318002
301	0.0062846360
302	0.0071378150
303	0.0070667001
304	0.0065145497
305	0.0067195655
306	0.0083097164
307	0.0122517692
308	0.0140728876
309	0.0155321239
310	0.0165774319
311	0.0157261249
312	0.0150668360
313	0.0167788975
314	0.0201655999
315	0.0252384655
316	0.0217986256
317	0.0196710601
318	0.0169349108
319	0.0114469901
320	0.0073956135
321	0.0057002050
322	0.0050015957
323	0.0047890008
324	0.0055128825
325	0.0047334409
326	0.0055247336
327	0.0052941618
328	0.0040011792
329	0.0030679335
330	0.0022773456
331	0.0019710900
332	0.0014753964
333	0.0009042016
334	0.0008458330
335	0.0010435397
336	0.0009235431
337	0.0009880982
338	0.0010685030
339	0.0008621363
340	0.0009707952
341	0.0013087898
342	0.0017136033
343	0.0012774576
344	0.0010966979
345	0.0012743131
346	0.0014757200
347	0.0016197476
348	0.0018982114
349	0.0019383358
350	0.0016369940
351	0.0018123894
352	0.0017491952
353	0.0020025526
354	0.0018809116
355	0.0019664590
356	0.0020860082
357	0.0024256660
358	0.0021743663
359	0.0023365756
360	0.0024739094
361	0.0025347953
362	0.0023137643
363	0.0024562294
364	0.0026412178
365	0.0026691342
366	0.0025390019
367	0.0025381725
368	0.0027386353
369	0.0029035942
370	0.0026993104
371	0.0028665098
372	0.0027965757
373	0.0026059826
374	0.0027629042
375	0.0024332853
376	0.0021934230
377	0.0020943303
378	0.0021520320
379	0.0023738837
380	0.0022502565
381	0.0020693315
382	0.0022900631
383	0.0023449198
384	0.0021010228
385	0.0021955671
386	0.0024305545
387	0.0024433681
388	0.0024733809
389	0.0022395556
390	0.0025502995
391	0.0026851252
392	0.0029821021
393	0.0029223012
394	0.0030584075
395	0.0032337361
396	0.0035728586
397	0.0037428788
398	0.0036296351
399	0.0037389435
400	0.0051018423
401	0.0046425834
402	0.0053258017
403	0.0049130330
404	0.0039681974
405	0.0044930861
406	0.0054712575
407	0.0055315252
408	0.0054327850
409	0.0051255878
410	0.0047782687
411	0.0054659126
412	0.0050560427
413	0.0051046154
414	0.0055393400
415	0.0053172735
416	0.0060348553
417	0.0058934581
418	0.0053979615
419	0.0074327388
420	0.0082386266
421	0.0074739885
422	0.0087964190
423	0.0111584086
424	0.0101028364
425	0.0092073819
426	0.0110683739
427	0.0106887780
428	0.0098612998
429	0.0094005121
430	0.0103892349
431	0.0096921436
432	0.0096577518
433	0.0103758452
434	0.0110094529
435	0.0109820971
436	0.0092540421
437	0.0105061764
438	0.0101738609
439	0.0107869655
440	0.0112799564
441	0.0139662493
442	0.0141825294
443	0.0113417683
444	0.0117382007
445	0.0130192582
446	0.0135425292
447	0.0142409028
448	0.0141607188
449	0.0141506931
450	0.0130040143
451	0.0134094460
452	0.0144616105
453	0.0148915853
454	0.0133657549
455	0.0147858271
456	0.0159320608
457	0.0170255806
458	0.0163794085
459	0.0155932168
460	0.0167080816
461	0.0166732650
462	0.0207970347
463	0.0252136718
464	0.0181200225
465	0.0182860699
466	0.0209148359
467	0.0165286344
468	0.0194265898
469	0.0177704282
470	0.0172821898
471	0.0237728227
472	0.0177940708
473	0.0180725101
474	0.0214021634
475	0.0244220793
476	0.0218684487
477	0.0195314474
478	0.0228544809
479	0.0237714406
480	0.0221386328
481	0.0179296527
482	0.0165001284
483	0.0165161192
484	0.0199168436
485	0.0242735371
486	0.0236494988
487	0.0225314405
488	0.0229129083
489	0.0225994121
490	0.0230804570
491	0.0208972823
492	0.0194379445
493	0.0255103298
494	0.0257430300
495	0.0183932967
496	0.0214286875
497	0.0228191931
498	0.0230127778
499	0.0237359311
500	0.0236115139
501	0.0187233258
502	0.0182937160
503	0.0192897469
504	0.0213119350
505	0.0220729373
506	0.0241445750
507	0.0200588703
508	0.0190764964
509	0.0220308267
510	0.0208716970
511	0.0193551872
512	0.0207043849
513	0.0184745342
514	0.0180296060
515	0.0175812952
516	0.0186227355
517	0.0205682963
518	0.0228994954
519	0.0222111214
520	0.0266692415
521	0.0310713779
522	0.0235010460
523	0.0229020528
524	0.0221013911
525	0.0277459286
526	0.0260929931
527	0.0220805258
528	0.0207401738
529	0.0219691116
530	0.0235972386
531	0.0250694379
532	0.0243099481
533	0.0232949499
534	0.0282034520
535	0.0283326935
536	0.0301029887
537	0.0248735286
538	0.0285079833
539	0.0331730284
540	0.0295382440
541	0.0289648306
542	0.0188469626
543	0.0252527427
544	0.0281271189
545	0.0306983758
546	0.0260128472
547	0.0319818817
548	0.0340627134
549	0.0281297788
550	0.0256494097
551	0.0279562809
552	0.0298930947
553	0.0303670987
554	0.0246901400
555	0.0193899740
556	0.0238389317
557	0.0212653652
558	0.0198554415
559	0.0259505641
560	0.0281173140
561	0.0303182751
562	0.0281106289
563	0.0209536962
564	0.0182379168
565	0.0231612548
566	0.0206546169
567	0.0150497574
568	0.0173587166
569	0.0178631786
570	0.0208972860
571	0.0181232058
572	0.0136657069
573	0.0143284379
574	0.0187096763
575	0.0154918144
576	0.0094188452
577	0.0099764643
578	0.0089259092
579	0.0102299750
580	0.0111851385
581	0.0126426620
582	0.0101735229
583	0.0120236995
584	0.0107680354
585	0.0103053572
586	0.0104213478
587	0.0094583100
588	0.0099961190
589	0.0074855913
590	0.0077815377
591	0.0078563327
592	0.0085902559
593	0.0075613558
594	0.0078599304
595	0.0082519120
596	0.0093674846
597	0.0097783199
598	0.0084423656
599	0.0080498988
600	0.0079351831
601	0.0063081468
602	0.0066786371
603	0.0066011129
604	0.0073064812
605	0.0084488261
606	0.0087963352
607	0.0084877983
608	0.0085253250
609	0.0078329183
610	0.0095410021
611	0.0089794323
612	0.0071246657
613	0.0071273446
614	0.0072208038
615	0.0074619907
616	0.0072723073
617	0.0065954453
618	0.0077861906
619	0.0085596777
620	0.0059025958
621	0.0050991843
622	0.0058770520
623	0.0055368328
624	0.0054408186
625	0.0053463089
626	0.0053863097
627	0.0059180153
628	0.0059567131
629	0.0058132545
630	0.0048092422
631	0.0048143230
632	0.0045078956
633	0.0042393496
634	0.0049551153
635	0.0048411577
636	0.0060271141
637	0.0050059105
638	0.0046291240
639	0.0048544169
640	0.0046405299
641	0.0042053885
642	0.0041249758
643	0.0047210576
644	0.0058959625
645	0.0039249002
646	0.0033492625
647	0.0037567997
648	0.0036709986
649	0.0037667267
650	0.0035282853
651	0.0035380579
652	0.0040751565
653	0.0042458940
654	0.0037996154
655	0.0036085965
656	0.0038466854
657	0.0035555114
658	0.0035475835
659	0.0037079901
660	0.0037857862
661	0.0038773026
662	0.0036378524
663	0.0041521341
664	0.0039655478
665	0.0035842226
666	0.0035988973
667	0.0032248069
668	0.0037579809
669	0.0038285241
670	0.0040852851
671	0.0034704001
672	0.0037014268
673	0.0035559102
674	0.0036329275
675	0.0036204699
676	0.0032664302
677	0.0040186942
678	0.0038672269
679	0.0033394899
680	0.0034314462
681	0.0035376130
682	0.0029401851
683	0.0032686580
684	0.0035634353
685	0.0034783413
686	0.0036126920
687	0.0037918948
688	0.0033248714
689	0.0036816150
690	0.0031859749
691	0.0033031551
692	0.0038496496
693	0.0031092800
694	0.0034622699
695	0.0034424053
696	0.0036708382
697	0.0038201020
698	0.0039364491
699	0.0038014634
700	0.0040085753
701	0.0035518254
702	0.0036299641
703	0.0034424674
704	0.0032867750
705	0.0033895071
706	0.0038074076
707	0.0042771515
708	0.0039692619
709	0.0036652561
710	0.0041841851
711	0.0040784944
712	0.0038724600
713	0.0041659521
714	0.0044063996
715	0.0039483123
716	0.0039152284
717	0.0040123886
718	0.0042685745
719	0.0043507107
720	0.0038039980
721	0.0041075069
722	0.0042536333
723	0.0039189085
724	0.0043012490
725	0.0040900372
726	0.0040948307
727	0.0045640441
728	0.0040697083
729	0.0044874605
730	0.0044112010
731	0.0053511369
732	0.0051902067
733	0.0059929830
734	0.0059717605
735	0.0051797903
736	0.0045951409
737	0.0050103548
738	0.0047481130
739	0.0049159359
740	0.0045364173
741	0.0051985388
742	0.0049650683
743	0.0047237948
744	0.0044742860
745	0.0052072098
746	0.0049091093
747	0.0051986030
748	0.0056862044
749	0.0046802997
750	0.0049694791
751	0.0054240632
752	0.0052732690
753	0.0055332188
754	0.0063144802
755	0.0060153613
756	0.0057569076
757	0.0053270911
758	0.0054807481
759	0.0061900206
760	0.0057461853
761	0.0064700502
762	0.0053856638
763	0.0053608688
764	0.0058375774
765	0.0074972687
766	0.0075225867
767	0.0058251764
768	0.0062824166
769	0.0065047443
770	0.0060209674
771	0.0062055606
772	0.0064035491
773	0.0068303007
774	0.0073021436
775	0.0082497047
776	0.0071036275
777	0.0062310994
778	0.0057983492
779	0.0063099042
780	0.0051805996
781	0.0053410879
782	0.0055899043
783	0.0057311710
784	0.0055379942
785	0.0055216984
786	0.0054606739
787	0.0058189831
788	0.0053062090
789	0.0055853543
790	0.0057125045
791	0.0051976871
792	0.0050393008
793	0.0049954620
794	0.0058990680
795	0.0063999719
796	0.0064347563
797	0.0058979504
798	0.0055782245
799	0.0054197330
800	0.0048008710
801	0.0046408335
802	0.0049804626
803	0.0058816443
804	0.0058579128
805	0.0056100334
806	0.0075919596
807	0.0076057874
808	0.0056298282
809	0.0056219613
810	0.0062813973
811	0.0061909980
812	0.0055260351
813	0.0063520605
814	0.0078515420
815	0.0078526679
816	0.0080773085
817	0.0085533336
818	0.0085486537
819	0.0098588932
820	0.0102196019
821	0.0092926603
822	0.0094793718
823	0.0084994510
824	0.0083284341
825	0.0099959169
826	0.0111192157
827	0.0119588021
828	0.0122533487
829	0.0112148449
830	0.0141379954
831	0.0139019741
832	0.0137725910
833	0.0155164953
834	0.0148445033
835	0.0152514372
836	0.0169720296
837	0.0174920838
838	0.0155167645
839	0.0183001831
840	0.0207341202
841	0.0207062922
842	0.0210744068
843	0.0228010677
844	0.0248143654
845	0.0231565647
846	0.0218833666
847	0.0245726369
848	0.0258916654
849	0.0273275841
850	0.0254165865
851	0.0292180963
852	0.0270156357
853	0.0263939723
854	0.0302718226
855	0.0366228819
856	0.0405875556
857	0.0489531644
858	0.0466292202
859	0.0483002476
860	0.0482181646
861	0.0553279184
862	0.0583608411
863	0.0532606915
864	0.0582134016
865	0.0534961447
866	0.0447327383
867	0.0400620662
868	0.0434468500
869	0.0388063639
870	0.0333122686
871	0.0257395189
872	0.0227261186
873	0.0213572048
874	0.0177821685
875	0.0169671793
876	0.0149302306
877	0.0160106849
878	0.0165762696
879	0.0153653445
880	0.0158678908
881	0.0155718662
882	0.0125970682
883	0.0112922946
884	0.0126851369
885	0.0086160619
886	0.0078585399
887	0.0091449963
888	0.0093154563
889	0.0073931715
890	0.0060444144
891	0.0065966845
892	0.0061379448
893	0.0058961087
894	0.0055389837
895	0.0050402265
896	0.0047246506
897	0.0044128313
898	0.0049103303
899	0.0049486770
900	0.0045146761
901	0.0052739647
902	0.0053076870
903	0.0052935244
904	0.0049639675
905	0.0048419465
906	0.0041926596
907	0.0044084825
908	0.0050797998
909	0.0044054147
910	0.0040916712
911	0.0037103058
912	0.0040512257
913	0.0040178387
914	0.0040275026
915	0.0045143538
916	0.0042398111
917	0.0044673155
918	0.0042213723
919	0.0045584193
920	0.0047801887
921	0.0043268749
922	0.0048031034
923	0.0055644694
924	0.0059859934
925	0.0057532699
926	0.0059777359
927	0.0052787545
928	0.0059242109
929	0.0049892263
930	0.0048583043
931	0.0056768609
932	0.0060602687
933	0.0050489018
934	0.0075323051
935	0.0064798547
936	0.0044946945
937	0.0051518977
938	0.0060054888
939	0.0051663639
940	0.0042136912
941	0.0062590707
942	0.0056343628
943	0.0051760711
944	0.0062489160
945	0.0050059794
946	0.0058496245
947	0.0066104666
948	0.0059235692
949	0.0059448835
950	0.0058992920
951	0.0050632963
952	0.0043995441
953	0.0052594519
954	0.0055585494
955	0.0051543885
956	0.0070944582
957	0.0063822870
958	0.0043585165
959	0.0045719170
960	0.0054379888
961	0.0043973103
962	0.0041591385
963	0.0049042865
964	0.0056583211
965	0.0054718908
966	0.0062638237
967	0.0061918236
968	0.0050955587
969	0.0062801838
970	0.0077028694
971	0.0081441971
972	0.0061842012
973	0.0074794018
974	0.0082738549
975	0.0080365427
976	0.0063719633
977	0.0076336218
978	0.0098452233
979	0.0082401549
980	0.0068624928
981	0.0085384818
982	0.0097050350
983	0.0085524917
984	0.0073749488
985	0.0089603495
986	0.0103201466
987	0.0089602619
988	0.0108733680
989	0.0109721627
990	0.0096022617
991	0.0111699551
992	0.0122993924
993	0.0117794443
994	0.0102664474
995	0.0087749027
996	0.0103979465
997	0.0101704355
998	0.0093508884
999	0.0103382356
1000	0.0105776507
1001	0.0093867583
1002	0.0088128923
1003	0.0114273531
1004	0.0123771224
1005	0.0120971352
1006	0.0119799003
1007	0.0117589300
1008	0.0118079595
1009	0.0128247365
1010	0.0115236901
1011	0.0087371161
1012	0.0094327321
1013	0.0090331193
1014	0.0093426071
1015	0.0105938977
1016	0.0115092928
1017	0.0106013417
1018	0.0116651645
1019	0.0110502141
1020	0.0101170223
1021	0.0099357078
1022	0.0092372941
1023	0.0084224651
1024	0.0100501366
1025	0.0097869430
1026	0.0078635570
1027	0.0097676180
1028	0.0097837988
1029	0.0110543109
1030	0.0070335269
1031	0.0061264602
1032	0.0061637866
1033	0.0056996103
1034	0.0059791501
1035	0.0071019591
1036	0.0070948657
1037	0.0074428190
1038	0.0070991344
1039	0.0076301219
1040	0.0080069266
1041	0.0085302461
1042	0.0093974303
1043	0.0077686636
1044	0.0060262787
1045	0.0064839516
1046	0.0066533764
1047	0.0073676421
1048	0.0072341752
1049	0.0076453527
1050	0.0069947010
1051	0.0068489104
1052	0.0058761570
1053	0.0076009552
1054	0.0071469750
1055	0.0063911048
1056	0.0063511995
1057	0.0061946111
1058	0.0058154417
1059	0.0056211925
1060	0.0061638094
1061	0.0060904692
1062	0.0053822128
1063	0.0053843549
1064	0.0044547925
1065	0.0038260443
1066	0.0043131732
1067	0.0050562262
1068	0.0047497349
1069	0.0055808472
1070	0.0059498455
1071	0.0070676631
1072	0.0072501684
1073	0.0061280443
1074	0.0050146030
1075	0.0040320382
1076	0.0043762159
1077	0.0052478751
1078	0.0043187919
1079	0.0049915961
1080	0.0047616856
1081	0.0051810462
1082	0.0048745554
1083	0.0043381690
1084	0.0039404733
1085	0.0043113530
1086	0.0046428847
1087	0.0042974423
1088	0.0035744659
1089	0.0038384004
1090	0.0041583492
1091	0.0039906725
1092	0.0038727457
1093	0.0044037891
1094	0.0044291294
1095	0.0044849799
1096	0.0047303759
1097	0.0052899709
1098	0.0056147380
1099	0.0051585161
1100	0.0059011877
1101	0.0055179382
1102	0.0072184214
1103	0.0081553143
1104	0.0087893773
1105	0.0106550539
1106	0.0112665156
1107	0.0127758011
1108	0.0115901893
1109	0.0129107479
1110	0.0099975187
1111	0.0086676180
1112	0.0097704427
1113	0.0088584125
1114	0.0094176857
1115	0.0093840584
1116	0.0104522463
1117	0.0091274390
1118	0.0089921076
1119	0.0100586032
1120	0.0088744257
1121	0.0079689007
1122	0.0075796125
1123	0.0069272243
1124	0.0065027378
1125	0.0071775387
1126	0.0063111950
1127	0.0051471009
1128	0.0052938545
1129	0.0049236719
1130	0.0045223180
1131	0.0047173277
1132	0.0039105965
1133	0.0044399607
1134	0.0061323056
1135	0.0065402640
1136	0.0043147686
1137	0.0042859009
1138	0.0039799497
1139	0.0045202370
1140	0.0046009799
1141	0.0039213290
1142	0.0040037911
1143	0.0047617489
1144	0.0042423736
1145	0.0041453876
1146	0.0044647674
1147	0.0051805484
1148	0.0052503981
1149	0.0047469754
1150	0.0047885892
1151	0.0047645513
1152	0.0047327415
1153	0.0046427953
1154	0.0050151544
1155	0.0051209675
1156	0.0047545549
1157	0.0045364872
1158	0.0051049818
1159	0.0050215409
1160	0.0051199468
1161	0.0053693834
1162	0.0051631536
1163	0.0052583301
1164	0.0055238851
1165	0.0061391019
1166	0.0050048418
1167	0.0054518944
1168	0.0057952157
1169	0.0068817730
1170	0.0062122340
1171	0.0071467762
1172	0.0069636703
1173	0.0071871039
1174	0.0077325627
1175	0.0070335665
1176	0.0065723290
1177	0.0073577357
1178	0.0077210935
1179	0.0085471347
1180	0.0090558212
1181	0.0095225917
1182	0.0102153476
1183	0.0133882631
1184	0.0135654891
1185	0.0121736331
1186	0.0099250795
1187	0.0085975928
1188	0.0098472321
1189	0.0112912077
1190	0.0098663727
1191	0.0095422827
1192	0.0091069033
1193	0.0096533038
1194	0.0110561913
1195	0.0111974105
1196	0.0118577229
1197	0.0117038693
1198	0.0133832050
1199	0.0146717839
1200	0.0136157162
1201	0.0150297796
1202	0.0153203001
1203	0.0144290850
1204	0.0147592630
1205	0.0158336051
1206	0.0161244497
1207	0.0215023942
1208	0.0194416121
1209	0.0216833614
1210	0.0225888584
1211	0.0210050493
1212	0.0223549455
1213	0.0237519369
1214	0.0242268573
1215	0.0227063820
1216	0.0236087274
1217	0.0252171159
1218	0.0266350769
1219	0.0311745256
1220	0.0353668183
1221	0.0359123573
1222	0.0342483036
1223	0.0416414216
1224	0.0482821912
1225	0.0488204136
1226	0.0463071354
1227	0.0468086526
1228	0.0535404384
1229	0.0521605797
1230	0.0590595379
1231	0.0506014079
1232	0.0598128997
1233	0.0544171594
1234	0.0566849969
1235	0.0594613515
1236	0.0637878478
1237	0.0663180277
1238	0.0632166266
1239	0.0749339610
1240	0.0768489167
1241	0.0723221228
1242	0.0722742304
1243	0.0691168830
1244	0.0734980702
1245	0.0688991770
1246	0.0627575070
1247	0.0659272000
1248	0.0726962686
1249	0.0763600171
1250	0.0652310476
1251	0.0594246835
1252	0.0664938837
1253	0.0690055043
1254	0.0653514117
1255	0.0683730617
1256	0.0798175558
1257	0.0656975582
1258	0.0562718660
1259	0.0763305426
1260	0.0734490678
1261	0.0686844662
1262	0.0779305473
1263	0.0585035309
1264	0.0573280044
1265	0.0490900874
1266	0.0563539341
1267	0.0571678430
1268	0.0564672090
1269	0.0583279543
1270	0.0489427224
1271	0.0425817221
1272	0.0399718806
1273	0.0456620939
1274	0.0390155502
1275	0.0377997905
1276	0.0421622656
1277	0.0361493677
1278	0.0395407528
1279	0.0342994183
1280	0.0457770377
1281	0.0521401875
1282	0.0449887440
1283	0.0405562520
1284	0.0522749573
1285	0.0604719408
1286	0.0606480315
1287	0.0448756330
1288	0.0325641260
1289	0.0337807052
1290	0.0309910048
1291	0.0268250294
1292	0.0212231036
1293	0.0183849540
1294	0.0189019013
1295	0.0189849921
1296	0.0212765727
1297	0.0197273567
1298	0.0215328522
1299	0.0197399780
1300	0.0190981757
1301	0.0196607858
1302	0.0184254833
1303	0.0141377812
1304	0.0194905922
1305	0.0190604180
1306	0.0157484021
1307	0.0162851252
1308	0.0161167439
1309	0.0170504842
1310	0.0155023830
1311	0.0146958055
1312	0.0156135913
1313	0.0174634494
1314	0.0134495068
1315	0.0154448552
1316	0.0134392669
1317	0.0155221764
1318	0.0138496272
1319	0.0140493754
1320	0.0118113551
1321	0.0152577739
1322	0.0148594668
1323	0.0138058756
1324	0.0126711670
1325	0.0139059657
1326	0.0168582499
1327	0.0154096559
1328	0.0151985064
1329	0.0129008358
1330	0.0144821359
1331	0.0156777967
1332	0.0129341166
1333	0.0128755113
1334	0.0116297761
1335	0.0110654328
1336	0.0145234317
1337	0.0137965158
1338	0.0097805047
1339	0.0114782033
1340	0.0108309109
1341	0.0096116615
1342	0.0110166138
1343	0.0110648805
1344	0.0126426658
1345	0.0161724333
1346	0.0153907798
1347	0.0121461982
1348	0.0141570391
1349	0.0129106538
1350	0.0121132443
1351	0.0139868902
1352	0.0161908902
1353	0.0143078603
1354	0.0135241570
1355	0.0138484491
1356	0.0147110531
1357	0.0145167606
1358	0.0119040394
1359	0.0137836067
1360	0.0152130481
1361	0.0174379889
1362	0.0159353968
1363	0.0130395945
1364	0.0153040690
1365	0.0185887143
1366	0.0190670639
1367	0.0188951921
1368	0.0180439390
1369	0.0169559568
1370	0.0155165279
1371	0.0152152916
1372	0.0136537533
1373	0.0146403462
1374	0.0127499327
1375	0.0161878783
1376	0.0176160634
1377	0.0137863262
1378	0.0137094958
1379	0.0169616491
1380	0.0161108915
1381	0.0131655484
1382	0.0158810411
1383	0.0168026574
1384	0.0134790270
1385	0.0131839272
1386	0.0116786771
1387	0.0114622787
1388	0.0124481590
1389	0.0124617796
1390	0.0145353545
1391	0.0139615024
1392	0.0125633199
1393	0.0139101027
1394	0.0133297620
1395	0.0126774255
1396	0.0134627642
1397	0.0153737133
1398	0.0166525412
1399	0.0125124855
1400	0.0121720098
1401	0.0128312772
1402	0.0121896621
1403	0.0109340027
1404	0.0117330477
1405	0.0128110973
1406	0.0111658014
1407	0.0101308040
1408	0.0115675721
1409	0.0108396122
1410	0.0090079755
1411	0.0100976741
1412	0.0113032414
1413	0.0125715798
1414	0.0107378820
1415	0.0099982070
1416	0.0101704849
1417	0.0104883844
1418	0.0096274959
1419	0.0100945449
1420	0.0097072544
1421	0.0123736942
1422	0.0134888105
1423	0.0128527954
1424	0.0106595960
1425	0.0101495646
1426	0.0087508662
1427	0.0084839463
1428	0.0090141464
1429	0.0099206129
1430	0.0091282036
1431	0.0095696347
1432	0.0098651815
1433	0.0093751727
1434	0.0103907948
1435	0.0096767256
1436	0.0101937391
1437	0.0099635003
1438	0.0118428823
1439	0.0099170981
1440	0.0105897877
1441	0.0102399569
1442	0.0117413066
1443	0.0106395734
1444	0.0097192992
1445	0.0107924053
1446	0.0117725376
1447	0.0126065752
1448	0.0125767728
1449	0.0111907739
1450	0.0133455461
1451	0.0131081212
1452	0.0116230547
1453	0.0115511948
1454	0.0112021416
1455	0.0105640739
1456	0.0120934499
1457	0.0156840179
1458	0.0140430126
1459	0.0101030236
1460	0.0096066575
1461	0.0115335975
1462	0.0129698236
1463	0.0138964402
1464	0.0126959076
1465	0.0147698615
1466	0.0135768820
1467	0.0177915283
1468	0.0178311337
1469	0.0153477434
1470	0.0168041456
1471	0.0154982442
1472	0.0151993576
1473	0.0164181665
1474	0.0212803558
1475	0.0219886079
1476	0.0173563808
1477	0.0184175242
1478	0.0205198694
1479	0.0221932195
1480	0.0236099996
1481	0.0234513469
1482	0.0245569590
1483	0.0304414667
1484	0.0326978490
1485	0.0356634557
1486	0.0317103118
1487	0.0283259228
1488	0.0283779427
1489	0.0295068361
1490	0.0307665449
1491	0.0329099223
1492	0.0267071500
1493	0.0349877328
1494	0.0408465564
1495	0.0435261652
1496	0.0376966707
1497	0.0348755494
1498	0.0481704548
1499	0.0533833466
1500	0.0481148548
1501	0.0424402617
1502	0.0365254954
1503	0.0342965871
1504	0.0395166725
1505	0.0390486754
1506	0.0418985710
1507	0.0505703725
1508	0.0573804863
1509	0.0485713854
1510	0.0425224751
1511	0.0474894084
1512	0.0441503450
1513	0.0451654270
1514	0.0400630198
1515	0.0420660824
1516	0.0310533140
1517	0.0328808576
1518	0.0269435998
1519	0.0294898432
1520	0.0216496959
1521	0.0242283773
1522	0.0236842092
1523	0.0270966832
1524	0.0290543325
1525	0.0274945796
1526	0.0282429829
1527	0.0268080477
1528	0.0252061300
1529	0.0263884384
1530	0.0242691487
1531	0.0249414016
1532	0.0292103887
1533	0.0274128821
1534	0.0307917129
1535	0.0361241028
1536	0.0398599431
1537	0.0379424691
1538	0.0384569876
1539	0.0393050686
1540	0.0385086499
1541	0.0442276560
1542	0.0450878367
1543	0.0456251614
1544	0.0465642102
1545	0.0463529490
1546	0.0419599861
1547	0.0436056592
1548	0.0499533191
1549	0.0493760444
1550	0.0447906703
1551	0.0439934582
1552	0.0520392284
1553	0.0588492453
1554	0.0487513989
1555	0.0509277470
1556	0.0550766326
1557	0.0537200309
1558	0.0566363521
1559	0.0679240972
1560	0.0740862042
1561	0.0579915792
1562	0.0517098047
1563	0.0564380214
1564	0.0652119815
1565	0.0627803728
1566	0.0703649670
1567	0.0593969300
1568	0.0667950362
1569	0.0570044927
1570	0.0609977953
1571	0.0726185665
1572	0.0694517195
1573	0.0626293942
1574	0.0629463568
1575	0.0683396906
1576	0.0688592643
1577	0.0798224211
1578	0.0772547349
1579	0.0723253638
1580	0.0860042796
1581	0.1020108238
1582	0.0936942175
1583	0.0928852335
1584	0.0788018927
1585	0.0795782283
1586	0.0723220333
1587	0.0909605026
1588	0.0857994556
1589	0.0909018442
1590	0.1039572060
1591	0.0836741701
1592	0.0747662634
1593	0.0788136944
1594	0.0799932107
1595	0.0862189829
1596	0.0942656249
1597	0.1135393381
1598	0.1122022271
1599	0.0988840759
1600	0.1065158993
1601	0.1008246392
1602	0.1046172902
1603	0.0972970575
1604	0.0891707316
1605	0.0921298936
1606	0.1066787541
1607	0.0952835903
1608	0.0959785059
1609	0.0938646793
1610	0.1003501564
1611	0.0868305713
1612	0.0912236273
1613	0.1218841448
1614	0.1065638810
1615	0.0986632854
1616	0.1052633375
1617	0.1161926165
1618	0.1417176723
1619	0.1086891666
1620	0.1116896421
1621	0.1008304507
1622	0.0987710282
1623	0.1001832411
1624	0.1289957315
1625	0.1529790163
1626	0.1554597616
1627	0.1279765666
1628	0.1292668730
1629	0.1217283234
1630	0.1050151885
1631	0.1072802469
1632	0.0976892784
1633	0.1218951046
1634	0.1052017584
1635	0.1092092320
1636	0.0960010737
1637	0.0952819362
1638	0.1123051718
1639	0.1040267423
1640	0.0935579985
1641	0.0890268311
1642	0.0927536637
1643	0.1119127944
1644	0.1202300265
1645	0.1051256880
1646	0.0973966941
1647	0.0994929299
1648	0.1070849523
1649	0.1057571322
1650	0.1049943939
1651	0.0920276046
1652	0.0895880982
1653	0.0759809315
1654	0.0860635936
1655	0.1022281721
1656	0.0886226147
1657	0.0781539008
1658	0.0761410221
1659	0.0754063204
1660	0.0895695835
1661	0.0791076049
1662	0.0724331960
1663	0.0725089759
1664	0.0740438551
1665	0.0806205645
1666	0.0781890824
1667	0.0711339265
1668	0.0636031702
1669	0.0665429011
1670	0.0629504845
1671	0.0666621029
1672	0.0724857077
1673	0.0654522032
1674	0.0645939559
1675	0.0660838261
1676	0.0661606267
1677	0.0571743362
1678	0.0602573007
1679	0.0665557310
1680	0.0589765534
1681	0.0529130846
1682	0.0555514060
1683	0.0546350069
1684	0.0582894832
1685	0.0525445379
1686	0.0538388602
1687	0.0585837588
1688	0.0548918135
1689	0.0577345714
1690	0.0529906526
1691	0.0515675098
1692	0.0506846532
1693	0.0575798675
1694	0.0563567989
1695	0.0505830459
1696	0.0461233631
1697	0.0447931327
1698	0.0533510521
1699	0.0578931794
1700	0.0538151860
1701	0.0614111945
1702	0.0501130447
1703	0.0511332862
1704	0.0465155691
1705	0.0479233153
1706	0.0501939729
1707	0.0419315808
1708	0.0443327688
1709	0.0543763898
1710	0.0641439706
1711	0.0471681282
1712	0.0466822349
1713	0.0458935052
1714	0.0506042987
1715	0.0483736433
1716	0.0560853109
1717	0.0505055785
1718	0.0459731556
1719	0.0447109491
1720	0.0427620821
1721	0.0419473462
1722	0.0391970985
1723	0.0388544351
1724	0.0421347730
1725	0.0493135676
1726	0.0446715243
1727	0.0345548019
1728	0.0346950330
1729	0.0354452729
1730	0.0291607995
1731	0.0359844565
1732	0.0365230702
1733	0.0320052728
1734	0.0333784521
1735	0.0353184454
1736	0.0363759622
1737	0.0313221850
1738	0.0329665765
1739	0.0305888895
1740	0.0317325927
1741	0.0298457444
1742	0.0296353772
1743	0.0376355350
1744	0.0356265530
1745	0.0283591561
1746	0.0241005216
1747	0.0233975481
1748	0.0238901321
1749	0.0281469598
1750	0.0318982489
1751	0.0340174288
1752	0.0292256754
1753	0.0265037008
1754	0.0260195695
1755	0.0265946873
1756	0.0322406739
1757	0.0244006440
1758	0.0254225209
1759	0.0247947685
1760	0.0235218257
1761	0.0236638263
1762	0.0221492760
1763	0.0238358788
1764	0.0255254172
1765	0.0228256546
1766	0.0217042696
1767	0.0247040875
1768	0.0223056357
1769	0.0210738871
1770	0.0209355112
1771	0.0225762334
1772	0.0198352616
1773	0.0215783156
1774	0.0237775613
1775	0.0211277977
1776	0.0196839087
1777	0.0190121736
1778	0.0220902339
1779	0.0232622214
1780	0.0193646178
1781	0.0178206805
1782	0.0202103015
1783	0.0221260935
1784	0.0176738091
1785	0.0194473658
1786	0.0216136593
1787	0.0176391136
1788	0.0199873261
1789	0.0207667015
1790	0.0269143172
1791	0.0260481257
1792	0.0184045695
1793	0.0190249924
1794	0.0185897369
1795	0.0190630425
1796	0.0216896627
1797	0.0191319883
1798	0.0198475402
1799	0.0177927855
1800	0.0184121337
1801	0.0186919477
1802	0.0221753251
1803	0.0214049686
1804	0.0201281216
1805	0.0194211267
1806	0.0194258410
1807	0.0196550861
1808	0.0199415702
1809	0.0225809664
1810	0.0206680931
1811	0.0194279235
1812	0.0218234081
1813	0.0280093905
1814	0.0240721274
1815	0.0236072764
1816	0.0214217994
1817	0.0206479635
1818	0.0210786145
1819	0.0218775682
1820	0.0208461545
1821	0.0211995784
1822	0.0202901978
1823	0.0200634040
1824	0.0207104385
1825	0.0215000752
1826	0.0186668094
1827	0.0195795000
1828	0.0204944387
1829	0.0238481387
1830	0.0235382374
1831	0.0205268245
1832	0.0198065788
1833	0.0208417289
1834	0.0223425049
1835	0.0262798276
1836	0.0284351725
1837	0.0237999298
1838	0.0228939950
1839	0.0223078765
1840	0.0232207160
1841	0.0269998629
1842	0.0227011740
1843	0.0207501370
1844	0.0218793377
1845	0.0209376719
1846	0.0245847777
1847	0.0292182434
1848	0.0248264447
1849	0.0221494231
1850	0.0232323892
1851	0.0243664943
1852	0.0245856494
1853	0.0239085257
1854	0.0239252448
1855	0.0263076760
1856	0.0284475964
1857	0.0248209834
1858	0.0282091610
1859	0.0245204922
1860	0.0278338585
1861	0.0275417753
1862	0.0229924172
1863	0.0212781448
1864	0.0258737616
1865	0.0229089931
1866	0.0235404093
1867	0.0286320783
1868	0.0339548439
1869	0.0289259087
1870	0.0273057204
1871	0.0336427540
1872	0.0329504721
1873	0.0296881180
1874	0.0272556916
1875	0.0282987673
1876	0.0255716704
1877	0.0263436530
1878	0.0252297614
1879	0.0310511328
1880	0.0301558953
1881	0.0289334748
1882	0.0302923489
1883	0.0312754624
1884	0.0278431941
1885	0.0246404093
1886	0.0287086032
1887	0.0269577224
1888	0.0244143847
1889	0.0270924382
1890	0.0275847986
1891	0.0255515743
1892	0.0254936367
1893	0.0252620988
1894	0.0321670920
1895	0.0312296227
1896	0.0254033692
1897	0.0222722497
1898	0.0237315707
1899	0.0269020963
1900	0.0276041385
1901	0.0245874021
1902	0.0239978191
1903	0.0294293277
1904	0.0346574150
1905	0.0255195778
1906	0.0267927069
1907	0.0285086967
1908	0.0217483714
1909	0.0200859457
1910	0.0211945139
1911	0.0211431831
1912	0.0222699326
1913	0.0207985546
1914	0.0219151955
1915	0.0192776863
1916	0.0214963444
1917	0.0237147920
1918	0.0216944814
1919	0.0231067631
1920	0.0257678293
1921	0.0217586067
1922	0.0220262688
1923	0.0214642808
1924	0.0186045170
1925	0.0176711921
1926	0.0168529768
1927	0.0152775049
1928	0.0158721395
1929	0.0176422615
1930	0.0217651967
1931	0.0176468808
1932	0.0179374330
1933	0.0192082245
1934	0.0157811455
1935	0.0144773209
1936	0.0163983256
1937	0.0169103984
1938	0.0148088494
1939	0.0131302662
1940	0.0127606820
1941	0.0128734736
1942	0.0128328707
1943	0.0120794689
1944	0.0128328521
1945	0.0153016541
1946	0.0171959419
1947	0.0191420764
1948	0.0161791220
1949	0.0163806099
1950	0.0152354920
1951	0.0167411044
1952	0.0175848547
1953	0.0159632415
1954	0.0202397481
1955	0.0200747363
1956	0.0176528227
1957	0.0185073446
1958	0.0183466952
1959	0.0187782273
1960	0.0152553702
1961	0.0171577707
1962	0.0146629969
1963	0.0161820706
1964	0.0170111451
1965	0.0162999034
1966	0.0178956296
1967	0.0205028057
1968	0.0185485091
1969	0.0149768498
1970	0.0142296860
1971	0.0153975235
1972	0.0145648541
1973	0.0152285509
1974	0.0148546565
1975	0.0153383547
1976	0.0169888008
1977	0.0162872802
1978	0.0148019083
1979	0.0156040676
1980	0.0134589700
1981	0.0136519689
1982	0.0148243355
1983	0.0159218516
1984	0.0130969072
1985	0.0119753331
1986	0.0118858069
1987	0.0112425191
1988	0.0131162750
1989	0.0119716572
1990	0.0117485607
1991	0.0133514525
1992	0.0147068175
1993	0.0121329380
1994	0.0114852451
1995	0.0144792711
1996	0.0144650107
1997	0.0115897069
1998	0.0139300013
1999	0.0156129450
2000	0.0143994344
