5	0.0004154443
6	0.0004691704
7	0.0004820382
8	0.0004098296
9	0.0004551203
10	0.0004368171
11	0.0008035448
12	0.0021227025
13	0.0028717995
14	0.0030845243
15	0.0024963308
16	0.0019887695
17	0.0024094284
18	0.0013101826
19	0.0015129837
20	0.0021266518
21	0.0023108411
22	0.0014110244
23	0.0009377162
24	0.0007458406
25	0.0006295004
26	0.0003967352
27	0.0003873055
28	0.0004648096
29	0.0006087403
30	0.0005448886
31	0.0006222893
32	0.0006341924
33	0.0004639004
34	0.0004665798
35	0.0005151498
36	0.0004117108
37	0.0003483302
38	0.0003212628
39	0.0003381229
40	0.0003412495
41	0.0003233448
42	0.0003889182
43	0.0003371581
44	0.0003672675
45	0.0003959391
46	0.0003897545
47	0.0003430729
48	0.0003229421
49	0.0003190883
50	0.0003499189
51	0.0004179156
52	0.0004453008
53	0.0003440230
54	0.0003512390
55	0.0004630682
56	0.0005605064
57	0.0006267133
58	0.0006844528
59	0.0008513446
60	0.0010099151
61	0.0010559539
62	0.0010581093
63	0.0010083509
64	0.0012021582
65	0.0015779774
66	0.0017618451
67	0.0018260294
68	0.0020095885
69	0.0020707792
70	0.0022403763
71	0.0028306986
72	0.0032010842
73	0.0024732787
74	0.0022486271
75	0.0019953165
76	0.0020289060
77	0.0015989855
78	0.0019500458
79	0.0013248606
80	0.0011853016
81	0.0012151540
82	0.0009395354
83	0.0012175681
84	0.0009109069
85	0.0007931333
86	0.0006657079
87	0.0009204698
88	0.0009208603
89	0.0008056728
90	0.0009242612
91	0.0010795197
92	0.0014096495
93	0.0020231586
94	0.0024335415
95	0.0026752930
96	0.0030031262
97	0.0046433914
98	0.0079431366
99	0.0118836593
100	0.0107988641
101	0.0111931562
102	0.0118504455
103	0.0131312031
104	0.0131492913
105	0.0121591659
106	0.0132343974
107	0.0143970605
108	0.0148774618
109	0.0126039134
110	0.0170857608
111	0.0201338660
112	0.0149861285
113	0.0162396785
114	0.0186295845
115	0.0190168247
116	0.0145933069
117	0.0156595614
118	0.0180443339
119	0.0181262828
120	0.0219426025
121	0.0214405134
122	0.0179515891
123	0.0145105636
124	0.0144878710
125	0.0148441214
126	0.0138796801
127	0.0125735179
128	0.0156089012
129	0.0137391407
130	0.0118959118
131	0.0115124071
132	0.0094687538
133	0.0099731805
134	0.0103063677
135	0.0103651006
136	0.0104954801
137	0.0101826536
138	0.0071380371
139	0.0053172046
140	0.0046731955
141	0.0039000018
142	0.0032462473
143	0.0029064007
144	0.0025167661
145	0.0023074588
146	0.0019649034
147	0.0017386285
148	0.0016145782
149	0.0013360262
150	0.0010308512
151	0.0009492213
152	0.0009292262
153	0.0009085596
154	0.0010362815
155	0.0014459962
156	0.0020172528
157	0.0031045435
158	0.0042597507
159	0.0057854624
160	0.0074733985
161	0.0082033826
162	0.0088932319
163	0.0076508620
164	0.0058980254
165	0.0050123143
166	0.0055123037
167	0.0049472796
168	0.0043724175
169	0.0033134029
170	0.0025212045
171	0.0024915086
172	0.0019599746
173	0.0016232772
174	0.0015431988
175	0.0015887673
176	0.0016028790
177	0.0015385678
178	0.0015702306
179	0.0015701659
180	0.0015053112
181	0.0013590247
182	0.0015127909
183	0.0017737260
184	0.0020334795
185	0.0056483680
186	0.0034935169
187	0.0012499212
188	0.0011936893
189	0.0010850354
190	0.0011137074
191	0.0012098880
192	0.0013324529
193	0.0015900827
194	0.0012600906
195	0.0010296523
196	0.0008586009
197	0.0008685155
198	0.0010604010
199	0.0010659256
200	0.0007327956
201	0.0007673718
202	0.0013487194
203	0.0014890184
204	0.0016254167
205	0.0017679788
206	0.0016915832
207	0.0017411760
208	0.0017643573
209	0.0016183233
210	0.0015940705
211	0.0016087975
212	0.0016336383
213	0.0016929847
214	0.0015606954
215	0.0016550480
216	0.0016110004
217	0.0014052157
218	0.0017303058
219	0.0016929869
220	0.0012650297
221	0.0015949825
222	0.0018158954
223	0.0016734949
224	0.0013252462
225	0.0012594291
226	0.0013966953
227	0.0019010070
228	0.0018385180
229	0.0018255626
230	0.0018658633
231	0.0018141593
232	0.0022701230
233	0.0017619026
234	0.0017154731
235	0.0017193047
236	0.0016438421
237	0.0018228937
238	0.0022956664
239	0.0019080177
240	0.0015804607
241	0.0020845367
242	0.0019907693
243	0.0016089526
244	0.0016450855
245	0.0018568009
246	0.0018393911
247	0.0020619694
248	0.0022108785
249	0.0023074117
250	0.0021157428
251	0.0024001026
252	0.0023387007
253	0.0020440158
254	0.0020062926
255	0.0020876122
256	0.0018394097
257	0.0021868215
258	0.0022660508
259	0.0022562458
260	0.0020935719
261	0.0019354019
262	0.0020137697
263	0.0018672348
264	0.0020205327
265	0.0026098909
266	0.0025989979
267	0.0023918012
268	0.0025186604
269	0.0030781890
270	0.0027757927
271	0.0022702250
272	0.0027124230
273	0.0031348183
274	0.0028876457
275	0.0029647567
276	0.0033010098
277	0.0030233050
278	0.0025064652
279	0.0031680353
280	0.0027135753
281	0.0023770218
282	0.0026539306
283	0.0020732693
284	0.0020224862
285	0.0018023414
286	0.0018500962
287	0.0021337122
288	0.0017774546
289	0.0018444390
290	0.0020080081
291	0.0023366138
292	0.0025639676
293	0.0019603015
294	0.0017001469
295	0.0017169825
296	0.0018828167
297	0.0026278608
298	0.0023270687
299	0.0017256577
300	0.0015866130
301	0.0017064260
302	0.0019986751
303	0.0022421279
304	0.0020952318
305	0.0020852548
306	0.0018937943
307	0.0024114251
308	0.0025898789
309	0.0028678156
310	0.0026394522
311	0.0022155815
312	0.0024794377
313	0.0030837974
314	0.0038576375
315	0.0047962158
316	0.0046354691
317	0.0051579210
318	0.0052361977
319	0.0040255827
320	0.0035988006
321	0.0034506842
322	0.0036726377
323	0.0041798917
324	0.0056274110
325	0.0052836975
326	0.0067145708
327	0.0069553405
328	0.0061386749
329	0.0050834725
330	0.0042443573
331	0.0040415227
332	0.0034359749
333	0.0024457744
334	0.0029733500
335	0.0032471532
336	0.0034769597
337	0.0030592137
338	0.0035944863
339	0.0033161435
340	0.0036592765
341	0.0041199471
342	0.0036461777
343	0.0040122047
344	0.0047429283
345	0.0038937265
346	0.0029476029
347	0.0032710696
348	0.0031267789
349	0.0038713017
350	0.0037494958
351	0.0037709537
352	0.0040945234
353	0.0036684168
354	0.0029740876
355	0.0033391344
356	0.0031377550
357	0.0031178354
358	0.0034762973
359	0.0036612076
360	0.0034387875
361	0.0038162360
362	0.0035393371
363	0.0046707606
364	0.0045308666
365	0.0042578364
366	0.0048293630
367	0.0052558710
368	0.0047568278
369	0.0044255084
370	0.0057974411
371	0.0052394709
372	0.0039099534
373	0.0052142916
374	0.0055859759
375	0.0061545344
376	0.0058920570
377	0.0058240513
378	0.0073690023
379	0.0074101673
380	0.0050804382
381	0.0050811339
382	0.0042099492
383	0.0039715208
384	0.0043129362
385	0.0048340918
386	0.0044132653
387	0.0044922456
388	0.0042113704
389	0.0039654262
390	0.0046199295
391	0.0049206787
392	0.0047967015
393	0.0053967950
394	0.0047350004
395	0.0051457123
396	0.0059126988
397	0.0063725254
398	0.0068578767
399	0.0070834775
400	0.0071483036
401	0.0063688168
402	0.0068015130
403	0.0071588359
404	0.0078094588
405	0.0081536602
406	0.0082296915
407	0.0089982962
408	0.0102103176
409	0.0094702095
410	0.0097825592
411	0.0094194664
412	0.0122942813
413	0.0149195725
414	0.0147152971
415	0.0167675223
416	0.0169284046
417	0.0150274625
418	0.0162755679
419	0.0225942209
420	0.0217877738
421	0.0218252391
422	0.0261843037
423	0.0255694315
424	0.0219506472
425	0.0259724688
426	0.0306071155
427	0.0304320753
428	0.0283420589
429	0.0279205311
430	0.0297813434
431	0.0320541114
432	0.0303008631
433	0.0302238315
434	0.0348801911
435	0.0274816267
436	0.0255894661
437	0.0292877629
438	0.0288861617
439	0.0315875895
440	0.0329450779
441	0.0391483791
442	0.0406834707
443	0.0337553732
444	0.0383769162
445	0.0398053080
446	0.0366754383
447	0.0382170305
448	0.0398826860
449	0.0357960537
450	0.0374498740
451	0.0434879437
452	0.0546896756
453	0.0681807846
454	0.0557459518
455	0.0498275049
456	0.0559974872
457	0.0467804521
458	0.0522985123
459	0.0541768931
460	0.0534050316
461	0.0594516397
462	0.0517507605
463	0.0615019649
464	0.0551940389
465	0.0537635088
466	0.0637973249
467	0.0533558130
468	0.0618346035
469	0.0621034019
470	0.0632134601
471	0.0783605948
472	0.0664600432
473	0.0681097806
474	0.1009451970
475	0.1100196242
476	0.0971338749
477	0.0909285396
478	0.0985912532
479	0.1183689907
480	0.1396679729
481	0.1386928856
482	0.1257508993
483	0.1060650200
484	0.0974435285
485	0.1068769991
486	0.0968616754
487	0.0771923810
488	0.0638356805
489	0.0634580031
490	0.0595658608
491	0.0520344339
492	0.0588481389
493	0.0621783435
494	0.0742359459
495	0.0562430248
496	0.0528305806
497	0.0515869223
498	0.0467632189
499	0.0456696302
500	0.0519554727
501	0.0726084784
502	0.0953571647
503	0.0748740956
504	0.0610640012
505	0.0651353598
506	0.0844082981
507	0.0829948708
508	0.0960653350
509	0.1127507240
510	0.1001349390
511	0.0882126465
512	0.0889741555
513	0.0680947602
514	0.0776305646
515	0.0931509584
516	0.0927956030
517	0.0900371745
518	0.1001512483
519	0.1055580974
520	0.1123420075
521	0.0951540545
522	0.0804905221
523	0.0947376564
524	0.0698794127
525	0.0896825343
526	0.0877946243
527	0.0690426230
528	0.0592057817
529	0.0624156967
530	0.0653033033
531	0.0655396208
532	0.0609045364
533	0.0650438219
534	0.0813626722
535	0.0921421498
536	0.0814035013
537	0.1044483185
538	0.1034641564
539	0.0952999294
540	0.0942316577
541	0.0916875675
542	0.1114440784
543	0.1259193271
544	0.1061030850
545	0.1152573898
546	0.1129875705
547	0.1240089014
548	0.1180891171
549	0.1122994348
550	0.0973145068
551	0.0957577899
552	0.0945952386
553	0.0955386162
554	0.0686436892
555	0.0671613365
556	0.0634460077
557	0.0628214926
558	0.0677993372
559	0.0571850203
560	0.0689024851
561	0.0614587702
562	0.0681599155
563	0.0661189258
564	0.0541751236
565	0.0565763004
566	0.0543025173
567	0.0536751039
568	0.0621860214
569	0.0633056313
570	0.0520160608
571	0.0509589836
572	0.0523337089
573	0.0574970543
574	0.0628016740
575	0.0622997172
576	0.0551756285
577	0.0468695238
578	0.0572490171
579	0.0518856309
580	0.0503076054
581	0.0524303690
582	0.0509941205
583	0.0489246175
584	0.0570918247
585	0.0500215366
586	0.0549792983
587	0.0591543503
588	0.0444929190
589	0.0377937108
590	0.0404974446
591	0.0426222011
592	0.0400918797
593	0.0361476988
594	0.0350329727
595	0.0426099785
596	0.0334336720
597	0.0429155342
598	0.0497026406
599	0.0392701179
600	0.0328316167
601	0.0260762963
602	0.0279170461
603	0.0275852941
604	0.0270235874
605	0.0263637751
606	0.0295051541
607	0.0266926736
608	0.0296470001
609	0.0345501564
610	0.0341733731
611	0.0264544208
612	0.0253022760
613	0.0277513675
614	0.0231189467
615	0.0228810143
616	0.0269642845
617	0.0210515782
618	0.0180828143
619	0.0145212198
620	0.0109032318
621	0.0116854655
622	0.0126595078
623	0.0106073217
624	0.0091993287
625	0.0116476547
626	0.0122356713
627	0.0111226952
628	0.0129019385
629	0.0110983765
630	0.0149145387
631	0.0185650811
632	0.0167481676
633	0.0143577605
634	0.0106120240
635	0.0117297266
636	0.0151054701
637	0.0149364565
638	0.0160918776
639	0.0174972303
640	0.0137994261
641	0.0113684302
642	0.0137793859
643	0.0144643337
644	0.0148704853
645	0.0151988110
646	0.0136230327
647	0.0117185013
648	0.0134752989
649	0.0129241170
650	0.0128072025
651	0.0117783127
652	0.0120303882
653	0.0109164063
654	0.0170893203
655	0.0156385135
656	0.0117425937
657	0.0128008174
658	0.0115655055
659	0.0123087484
660	0.0107519021
661	0.0131539498
662	0.0130890636
663	0.0187917799
664	0.0167967044
665	0.0137809692
666	0.0147032905
667	0.0215598661
668	0.0207936335
669	0.0171899609
670	0.0187172927
671	0.0193814877
672	0.0212589111
673	0.0210142210
674	0.0163762309
675	0.0166834667
676	0.0183863342
677	0.0171744749
678	0.0196551718
679	0.0185987744
680	0.0164335500
681	0.0167361535
682	0.0152094811
683	0.0119252596
684	0.0130416714
685	0.0149409464
686	0.0097514400
687	0.0102796638
688	0.0114208562
689	0.0118931374
690	0.0114490883
691	0.0111294966
692	0.0115435729
693	0.0101663992
694	0.0117034419
695	0.0124325659
696	0.0137437005
697	0.0114836460
698	0.0137963137
699	0.0142442165
700	0.0137437675
701	0.0135611659
702	0.0139900241
703	0.0150891859
704	0.0142457755
705	0.0150029566
706	0.0156570598
707	0.0183760617
708	0.0178875066
709	0.0204982664
710	0.0204124320
711	0.0186700374
712	0.0189072080
713	0.0196597185
714	0.0218661614
715	0.0255490039
716	0.0257365759
717	0.0272399113
718	0.0250960477
719	0.0278673992
720	0.0289676525
721	0.0256416630
722	0.0245192479
723	0.0239989981
724	0.0238958914
725	0.0238999445
726	0.0255016554
727	0.0262286440
728	0.0252436791
729	0.0267361179
730	0.0300873872
731	0.0240389295
732	0.0210348610
733	0.0227976106
734	0.0236974880
735	0.0225391891
736	0.0226285197
737	0.0216748640
738	0.0191806722
739	0.0225978326
740	0.0254478361
741	0.0221335646
742	0.0246617664
743	0.0256853774
744	0.0308306236
745	0.0298736077
746	0.0276000593
747	0.0280276649
748	0.0278121885
749	0.0304974355
750	0.0310218744
751	0.0264375824
752	0.0334063247
753	0.0324198529
754	0.0348306224
755	0.0361810289
756	0.0324484222
757	0.0411266573
758	0.0388043188
759	0.0386543795
760	0.0322436467
761	0.0360335074
762	0.0513301194
763	0.0485676862
764	0.0465816297
765	0.0467740186
766	0.0538031422
767	0.0481445454
768	0.0397264436
769	0.0436375290
770	0.0430543646
771	0.0459471010
772	0.0496210717
773	0.0416656472
774	0.0398396589
775	0.0431274883
776	0.0485628732
777	0.0387108512
778	0.0357038714
779	0.0388935469
780	0.0404915735
781	0.0348680839
782	0.0295966510
783	0.0316626467
784	0.0360148884
785	0.0292134881
786	0.0368449651
787	0.0353885442
788	0.0303324219
789	0.0310891196
790	0.0284990203
791	0.0287203379
792	0.0264017414
793	0.0265976787
794	0.0283587761
795	0.0225917865
796	0.0239744745
797	0.0203705095
798	0.0224536378
799	0.0253432319
800	0.0260561332
801	0.0253126193
802	0.0222643539
803	0.0227997284
804	0.0228298008
805	0.0289379396
806	0.0269437172
807	0.0262540225
808	0.0254036803
809	0.0270221028
810	0.0311119705
811	0.0364185423
812	0.0422158614
813	0.0396545567
814	0.0337607041
815	0.0359177254
816	0.0371330194
817	0.0427067243
818	0.0528234690
819	0.0490137413
820	0.0496552028
821	0.0500124805
822	0.0455903374
823	0.0474335551
824	0.0563490018
825	0.0548133999
826	0.0495066941
827	0.0633342937
828	0.0766603947
829	0.0759304613
830	0.0839334801
831	0.1058582515
832	0.1050218344
833	0.1006327644
834	0.1003794670
835	0.1111270487
836	0.1255825460
837	0.1471948326
838	0.1393236667
839	0.1427520066
840	0.1439786106
841	0.2127487063
842	0.1982487887
843	0.1740828007
844	0.1746006161
845	0.2039221972
846	0.2380562127
847	0.2295933962
848	0.1847718358
849	0.2112950832
850	0.2347358614
851	0.2382804751
852	0.2032750845
853	0.1886894405
854	0.1829095632
855	0.2160602808
856	0.2047355771
857	0.2095513493
858	0.2026044428
859	0.2078758925
860	0.2131676227
861	0.2469791621
862	0.2757343650
863	0.2534704506
864	0.2701253891
865	0.2641780972
866	0.2524989545
867	0.2826596797
868	0.2945734859
869	0.2587966919
870	0.2825494111
871	0.3122648597
872	0.3214841187
873	0.3092771471
874	0.2121238261
875	0.1316803843
876	0.1595244855
877	0.1808364391
878	0.1662617326
879	0.1531489491
880	0.1434400082
881	0.1518219262
882	0.1271888614
883	0.0908003300
884	0.1070200354
885	0.1384332180
886	0.1294156760
887	0.0931766555
888	0.0803645030
889	0.0784125850
890	0.0817696676
891	0.0760416910
892	0.0761199221
893	0.0678557679
894	0.0752149448
895	0.0872239918
896	0.0928498358
897	0.0838101059
898	0.0761630088
899	0.0786732286
900	0.0979137197
901	0.0916413516
902	0.1001562402
903	0.1071350500
904	0.0838123262
905	0.0866971165
906	0.0845159516
907	0.0863915384
908	0.0872377530
909	0.0996302068
910	0.1031237990
911	0.0989585891
912	0.0912895650
913	0.0963038355
914	0.0924266204
915	0.0979910567
916	0.1042626649
917	0.1065893769
918	0.1165053844
919	0.1115271077
920	0.1079639420
921	0.1118835956
922	0.1165253669
923	0.1144034117
924	0.1146567166
925	0.1155385226
926	0.1243850216
927	0.1271010488
928	0.1210674718
929	0.1180671975
930	0.1112800315
931	0.1142852455
932	0.1284289807
933	0.1395278126
934	0.1313736886
935	0.1271151602
936	0.1226531640
937	0.1176573783
938	0.1299347430
939	0.1392391175
940	0.1317122877
941	0.1377427131
942	0.1067461520
943	0.1233077720
944	0.1185873449
945	0.1399693042
946	0.1261273623
947	0.1442229450
948	0.1442863047
949	0.1134880334
950	0.1068287864
951	0.1303494722
952	0.1454280913
953	0.1544222385
954	0.1242490932
955	0.1312322021
956	0.1757961363
957	0.1721035391
958	0.1344535351
959	0.1870431304
960	0.2163067162
961	0.2124078125
962	0.2039296627
963	0.1825126857
964	0.2102584541
965	0.2158291489
966	0.2584137321
967	0.2858514786
968	0.2997286618
969	0.3304975629
970	0.3567935526
971	0.3768186271
972	0.3750964403
973	0.4106509686
974	0.4126604497
975	0.4584749937
976	0.5328283310
977	0.5554243922
978	0.5899853110
979	0.5976869464
980	0.5635055900
981	0.6151788831
982	0.7504028678
983	0.6902619600
984	0.5366922021
985	0.5741935968
986	0.5984809399
987	0.5982816219
988	0.6277342439
989	0.6745475531
990	0.7164152265
991	0.8633338213
992	0.8100636005
993	0.6109739542
994	0.6410815716
995	0.6503904462
996	0.7808530927
997	0.8329743147
998	0.7773354650
999	0.7391275764
1000	0.7942160964
1001	0.7158594131
1002	0.7760228515
1003	0.6618494987
1004	0.6849852204
1005	0.8317334652
1006	0.8437193632
1007	0.5508978963
1008	0.5393393040
1009	0.6414450407
1010	0.6573554873
1011	0.5063515902
1012	0.5641314387
1013	0.7346961498
1014	0.5657758713
1015	0.5840520263
1016	0.7721228004
1017	0.6773804426
1018	0.5959876180
1019	0.5593535900
1020	0.5465101600
1021	0.4021877050
1022	0.3587745130
1023	0.4646654129
1024	0.5326407552
1025	0.5210243464
1026	0.4385959804
1027	0.3651608229
1028	0.3937956095
1029	0.5713540912
1030	0.5603617430
1031	0.4533855021
1032	0.4835558832
1033	0.4711680412
1034	0.3847625554
1035	0.4114258885
1036	0.4357316494
1037	0.5031114817
1038	0.3758398294
1039	0.3770922422
1040	0.3746925294
1041	0.3422849178
1042	0.3087191880
1043	0.3520059288
1044	0.3686800003
1045	0.3589932024
1046	0.4304429293
1047	0.4115968943
1048	0.3281608224
1049	0.3442742825
1050	0.3043204844
1051	0.2221720070
1052	0.2087683827
1053	0.2285904437
1054	0.2212109566
1055	0.2041953504
1056	0.2156729996
1057	0.1951990277
1058	0.2224697024
1059	0.1860754788
1060	0.1723879427
1061	0.1919423938
1062	0.2037702650
1063	0.1657069921
1064	0.1368253529
1065	0.1181300879
1066	0.1052400544
1067	0.0947566628
1068	0.1045166925
1069	0.0893534124
1070	0.0834721699
1071	0.0825819895
1072	0.0804668441
1073	0.0974170938
1074	0.0918317288
1075	0.0736464560
1076	0.0689091086
1077	0.0683680326
1078	0.0693392381
1079	0.0582976341
1080	0.0495273806
1081	0.0519981273
1082	0.0537790023
1083	0.0544000156
1084	0.0552548878
1085	0.0581405126
1086	0.0525095575
1087	0.0482187085
1088	0.0418940187
1089	0.0451629534
1090	0.0360011049
1091	0.0356838182
1092	0.0416962206
1093	0.0436633043
1094	0.0401980244
1095	0.0413510129
1096	0.0419877283
1097	0.0419177227
1098	0.0469224118
1099	0.0488269515
1100	0.0533987395
1101	0.0511038378
1102	0.0493131801
1103	0.0541285649
1104	0.0601885468
1105	0.0606973991
1106	0.0588476695
1107	0.0564070754
1108	0.0666836500
1109	0.0531169325
1110	0.0464654267
1111	0.0557572991
1112	0.0463694558
1113	0.0356002636
1114	0.0377239659
1115	0.0457673185
1116	0.0410759710
1117	0.0457533076
1118	0.0472490378
1119	0.0465379246
1120	0.0460803434
1121	0.0500663780
1122	0.0681678131
1123	0.0498913452
1124	0.0429197624
1125	0.0396685600
1126	0.0427741110
1127	0.0360274874
1128	0.0315334685
1129	0.0362000056
1130	0.0305899289
1131	0.0328601040
1132	0.0354863890
1133	0.0315678567
1134	0.0260908585
1135	0.0297174994
1136	0.0311692022
1137	0.0303998794
1138	0.0400325730
1139	0.0449319035
1140	0.0460914932
1141	0.0373898745
1142	0.0383595377
1143	0.0383082516
1144	0.0379405804
1145	0.0423223749
1146	0.0440200903
1147	0.0442232601
1148	0.0400322936
1149	0.0402245149
1150	0.0387206897
1151	0.0315209888
1152	0.0388624258
1153	0.0337341540
1154	0.0311887152
1155	0.0321105868
1156	0.0329919979
1157	0.0326474532
1158	0.0276947767
1159	0.0302709043
1160	0.0360521935
1161	0.0341571309
1162	0.0294924863
1163	0.0240662359
1164	0.0313220508
1165	0.0357703678
1166	0.0282188673
1167	0.0330947563
1168	0.0331425145
1169	0.0348956399
1170	0.0314384773
1171	0.0306681674
1172	0.0267726611
1173	0.0280499980
1174	0.0262044501
1175	0.0270359609
1176	0.0334478766
1177	0.0354827419
1178	0.0336193778
1179	0.0311628319
1180	0.0280023124
1181	0.0319634080
1182	0.0276180189
1183	0.0252841748
1184	0.0300644040
1185	0.0284065437
1186	0.0326826796
1187	0.0327479951
1188	0.0346037783
1189	0.0277797095
1190	0.0284912437
1191	0.0274209846
1192	0.0296795312
1193	0.0359337181
1194	0.0339701883
1195	0.0348741300
1196	0.0391095802
1197	0.0426837057
1198	0.0417871550
1199	0.0440704115
1200	0.0406274721
1201	0.0455939099
1202	0.0426817983
1203	0.0424794666
1204	0.0464141183
1205	0.0517224595
1206	0.0494918711
1207	0.0476798974
1208	0.0484970026
1209	0.0595398359
1210	0.0575637780
1211	0.0569467619
1212	0.0563203655
1213	0.0574348196
1214	0.0543450080
1215	0.0633278191
1216	0.0735126138
1217	0.0623202026
1218	0.0551291220
1219	0.0556742065
1220	0.0896234885
1221	0.1159866527
1222	0.0801641196
1223	0.0680971891
1224	0.0646112561
1225	0.0674787164
1226	0.0743633509
1227	0.0851473361
1228	0.0815691203
1229	0.0674419776
1230	0.0752036348
1231	0.0859762207
1232	0.0821875483
1233	0.0741657540
1234	0.0867190734
1235	0.0951325446
1236	0.1000257656
1237	0.0891261771
1238	0.0997457653
1239	0.0804556012
1240	0.0783768743
1241	0.0755569264
1242	0.0628233179
1243	0.0563926026
1244	0.0663032457
1245	0.0610768832
1246	0.0662796870
1247	0.0608123504
1248	0.0550253466
1249	0.0536066443
1250	0.0520176142
1251	0.0391163751
1252	0.0492989011
1253	0.0548529178
1254	0.0364132524
1255	0.0386120677
1256	0.0558154285
1257	0.0564847440
1258	0.0478739478
1259	0.0454259813
1260	0.0421267711
1261	0.0496493354
1262	0.0479090512
1263	0.0422709063
1264	0.0385633074
1265	0.0317512713
1266	0.0313612483
1267	0.0344487950
1268	0.0294516031
1269	0.0313310362
1270	0.0266564153
1271	0.0387428328
1272	0.0363935903
1273	0.0385244451
1274	0.0349379592
1275	0.0339118652
1276	0.0455240011
1277	0.0297556277
1278	0.0296567213
1279	0.0308104698
1280	0.0449383333
1281	0.0447039604
1282	0.0454262644
1283	0.0412944667
1284	0.0550480410
1285	0.0694260821
1286	0.0593492091
1287	0.0482997857
1288	0.0311003327
1289	0.0258446559
1290	0.0238678362
1291	0.0174332205
1292	0.0137078995
1293	0.0156987142
1294	0.0172142629
1295	0.0175332017
1296	0.0156752914
1297	0.0173907932
1298	0.0169533379
1299	0.0165283456
1300	0.0148550943
1301	0.0162024088
1302	0.0152752697
1303	0.0137281744
1304	0.0117678903
1305	0.0141585786
1306	0.0164285917
1307	0.0204877332
1308	0.0208564494
1309	0.0196757093
1310	0.0189220645
1311	0.0169555359
1312	0.0178316366
1313	0.0193138774
1314	0.0171558503
1315	0.0142341871
1316	0.0116335601
1317	0.0148543622
1318	0.0174151417
1319	0.0183827672
1320	0.0160955321
1321	0.0178453811
1322	0.0200246628
1323	0.0170253851
1324	0.0158208013
1325	0.0153955352
1326	0.0189783275
1327	0.0159412920
1328	0.0127863027
1329	0.0140117807
1330	0.0154420547
1331	0.0158235151
1332	0.0113061126
1333	0.0118949395
1334	0.0124834757
1335	0.0113195181
1336	0.0124937110
1337	0.0118484776
1338	0.0103689162
1339	0.0115362508
1340	0.0097151287
1341	0.0099882530
1342	0.0099804876
1343	0.0110107167
1344	0.0087850774
1345	0.0080141621
1346	0.0087888073
1347	0.0088981716
1348	0.0100799538
1349	0.0094679808
1350	0.0086175324
1351	0.0076768594
1352	0.0088747209
1353	0.0088813230
1354	0.0081855757
1355	0.0085261352
1356	0.0092962319
1357	0.0084396629
1358	0.0077168718
1359	0.0075009018
1360	0.0079465862
1361	0.0098708859
1362	0.0107498216
1363	0.0081616193
1364	0.0081026619
1365	0.0111720050
1366	0.0110928938
1367	0.0121674053
1368	0.0125798965
1369	0.0108481320
1370	0.0093869679
1371	0.0095168119
1372	0.0103807477
1373	0.0105694532
1374	0.0101269819
1375	0.0093657114
1376	0.0104334643
1377	0.0102251368
1378	0.0104796430
1379	0.0108902659
1380	0.0110371988
1381	0.0117388200
1382	0.0111092925
1383	0.0105623584
1384	0.0108796712
1385	0.0137924561
1386	0.0149310250
1387	0.0106959930
1388	0.0119657638
1389	0.0136707742
1390	0.0143281473
1391	0.0138730584
1392	0.0174859762
1393	0.0147515982
1394	0.0129420720
1395	0.0142124211
1396	0.0147874011
1397	0.0157951545
1398	0.0158696398
1399	0.0143540548
1400	0.0130477771
1401	0.0150929140
1402	0.0151334321
1403	0.0137133710
1404	0.0146735869
1405	0.0151604479
1406	0.0132035911
1407	0.0131486412
1408	0.0143277524
1409	0.0133705894
1410	0.0134832207
1411	0.0140943490
1412	0.0147746298
1413	0.0156700518
1414	0.0144924941
1415	0.0144507969
1416	0.0158291645
1417	0.0149984481
1418	0.0146080479
1419	0.0158987436
1420	0.0156076280
1421	0.0174130481
1422	0.0154722370
1423	0.0154081695
1424	0.0142654162
1425	0.0134125315
1426	0.0139997704
1427	0.0173022654
1428	0.0156818703
1429	0.0134282513
1430	0.0152926156
1431	0.0166856460
1432	0.0187745076
1433	0.0181195829
1434	0.0144052356
1435	0.0151262823
1436	0.0190098658
1437	0.0209804941
1438	0.0182312131
1439	0.0153498212
1440	0.0162878744
1441	0.0152244773
1442	0.0168869849
1443	0.0210413262
1444	0.0188177545
1445	0.0215223022
1446	0.0206023175
1447	0.0208802987
1448	0.0158083271
1449	0.0165576003
1450	0.0225533210
1451	0.0221220478
1452	0.0201710705
1453	0.0181215834
1454	0.0204670839
1455	0.0191916674
1456	0.0212805588
1457	0.0275564808
1458	0.0288946740
1459	0.0233743414
1460	0.0216083396
1461	0.0243792422
1462	0.0294185951
1463	0.0256013107
1464	0.0243989863
1465	0.0250840113
1466	0.0240223836
1467	0.0298274606
1468	0.0284210499
1469	0.0229230374
1470	0.0258174762
1471	0.0271830224
1472	0.0262387283
1473	0.0258084070
1474	0.0318675227
1475	0.0353267416
1476	0.0316713154
1477	0.0312879756
1478	0.0370773934
1479	0.0319922939
1480	0.0340266861
1481	0.0380597897
1482	0.0310679469
1483	0.0350890793
1484	0.0488287583
1485	0.0461907201
1486	0.0430745892
1487	0.0419848450
1488	0.0399151109
1489	0.0378217101
1490	0.0382101499
1491	0.0390395708
1492	0.0409392901
1493	0.0468337387
1494	0.0571862012
1495	0.0497703888
1496	0.0445796140
1497	0.0486219190
1498	0.0493189394
1499	0.0462495200
1500	0.0473455228
1501	0.0515527427
1502	0.0549482144
1503	0.0512373783
1504	0.0563916378
1505	0.0548708774
1506	0.0645293891
1507	0.0748413801
1508	0.0836347714
1509	0.0796252340
1510	0.0705337599
1511	0.0645222664
1512	0.0560410321
1513	0.0498753600
1514	0.0528748669
1515	0.0437956601
1516	0.0432711840
1517	0.0411495604
1518	0.0384132303
1519	0.0328956731
1520	0.0296278838
1521	0.0268103778
1522	0.0302927662
1523	0.0308929551
1524	0.0314427987
1525	0.0334615670
1526	0.0318735950
1527	0.0228525121
1528	0.0241004303
1529	0.0227837525
1530	0.0288681854
1531	0.0256143492
1532	0.0251296088
1533	0.0240956843
1534	0.0282012150
1535	0.0220153090
1536	0.0249851812
1537	0.0261544455
1538	0.0255278498
1539	0.0261846930
1540	0.0235153213
1541	0.0235051066
1542	0.0210731812
1543	0.0198269542
1544	0.0215587839
1545	0.0255625173
1546	0.0281535722
1547	0.0223566834
1548	0.0221493989
1549	0.0284836031
1550	0.0286331084
1551	0.0277945958
1552	0.0353439264
1553	0.0348556116
1554	0.0273333825
1555	0.0310135502
1556	0.0334094688
1557	0.0274123047
1558	0.0255959425
1559	0.0268164240
1560	0.0302507151
1561	0.0353764929
1562	0.0359843336
1563	0.0340436623
1564	0.0284356661
1565	0.0241256617
1566	0.0260633621
1567	0.0264430214
1568	0.0286719818
1569	0.0294240769
1570	0.0281508341
1571	0.0318943299
1572	0.0418887064
1573	0.0368180834
1574	0.0360940918
1575	0.0419154204
1576	0.0393540114
1577	0.0508894883
1578	0.0405357331
1579	0.0413584001
1580	0.0345490724
1581	0.0331473425
1582	0.0352424718
1583	0.0483472310
1584	0.0452125482
1585	0.0337027535
1586	0.0362904593
1587	0.0379756205
1588	0.0411356539
1589	0.0453112349
1590	0.0426777974
1591	0.0359948352
1592	0.0393583290
1593	0.0429039709
1594	0.0501632728
1595	0.0446898490
1596	0.0466320217
1597	0.0494506285
1598	0.0434344374
1599	0.0439690165
1600	0.0495739244
1601	0.0473763756
1602	0.0530509800
1603	0.0588684715
1604	0.0577578843
1605	0.0589614995
1606	0.0519995168
1607	0.0600798801
1608	0.0604716465
1609	0.0622638389
1610	0.0639936030
1611	0.0671080276
1612	0.0651008859
1613	0.0746611953
1614	0.0640475750
1615	0.0762273297
1616	0.0748437941
1617	0.0737789199
1618	0.0787285864
1619	0.0765713900
1620	0.0808832794
1621	0.0860054642
1622	0.0781709775
1623	0.0831950754
1624	0.0870433748
1625	0.0888699666
1626	0.0878973156
1627	0.0931207463
1628	0.1116767004
1629	0.1037028953
1630	0.1021196097
1631	0.1083048582
1632	0.1050113663
1633	0.1066256911
1634	0.1110251695
1635	0.1125291139
1636	0.1108278409
1637	0.1008969247
1638	0.0963779688
1639	0.1084075421
1640	0.1119741127
1641	0.1168218106
1642	0.1175526902
1643	0.1039364636
1644	0.1073820889
1645	0.1042649150
1646	0.1168069839
1647	0.1158808842
1648	0.0983134955
1649	0.0956309885
1650	0.0984689444
1651	0.0915762559
1652	0.1066858321
1653	0.1261535585
1654	0.1176920533
1655	0.0989486426
1656	0.0915464461
1657	0.0915226489
1658	0.0880743712
1659	0.0801267326
1660	0.0877960920
1661	0.0896087363
1662	0.0868882984
1663	0.0984679013
1664	0.0853257328
1665	0.1014437452
1666	0.0840567052
1667	0.0817999467
1668	0.0740929767
1669	0.0752913058
1670	0.0732051209
1671	0.0822675228
1672	0.0700228363
1673	0.0716482550
1674	0.0732090250
1675	0.0656852722
1676	0.0650820956
1677	0.0647968575
1678	0.0585498102
1679	0.0723032281
1680	0.0849331468
1681	0.0689459145
1682	0.0732744709
1683	0.0707065240
1684	0.0694738254
1685	0.0779689401
1686	0.0746162459
1687	0.0755854025
1688	0.0830959678
1689	0.0629639328
1690	0.0617993698
1691	0.0625933781
1692	0.0585723072
1693	0.0669142604
1694	0.0555318259
1695	0.0528745800
1696	0.0419827588
1697	0.0488272272
1698	0.0467391424
1699	0.0470907129
1700	0.0436206982
1701	0.0396363027
1702	0.0383199267
1703	0.0595044643
1704	0.0570415929
1705	0.0414584577
1706	0.0380953327
1707	0.0372064859
1708	0.0358871631
1709	0.0411614366
1710	0.0450329110
1711	0.0426925682
1712	0.0437044837
1713	0.0457444005
1714	0.0372052118
1715	0.0365330763
1716	0.0404474102
1717	0.0401247852
1718	0.0361783989
1719	0.0292625073
1720	0.0354491174
1721	0.0328439362
1722	0.0300201010
1723	0.0344898589
1724	0.0360582843
1725	0.0311885606
1726	0.0307080038
1727	0.0315799378
1728	0.0255666282
1729	0.0255915336
1730	0.0322952718
1731	0.0288728885
1732	0.0282301400
1733	0.0304464344
1734	0.0330873579
1735	0.0291994605
1736	0.0324102417
1737	0.0332784280
1738	0.0298494771
1739	0.0282617602
1740	0.0276485663
1741	0.0281288791
1742	0.0257764887
1743	0.0293601826
1744	0.0263838992
1745	0.0292300675
1746	0.0251478031
1747	0.0261273682
1748	0.0263393614
1749	0.0303635076
1750	0.0263124835
1751	0.0282773674
1752	0.0286052283
1753	0.0308973026
1754	0.0270088911
1755	0.0254697707
1756	0.0249732751
1757	0.0240150280
1758	0.0253679976
1759	0.0241896864
1760	0.0224853475
1761	0.0263661724
1762	0.0262228679
1763	0.0223658867
1764	0.0252589360
1765	0.0235383939
1766	0.0234413445
1767	0.0235415902
1768	0.0245809592
1769	0.0231662113
1770	0.0205162894
1771	0.0244964734
1772	0.0235811807
1773	0.0218958389
1774	0.0233167298
1775	0.0224853177
1776	0.0273963045
1777	0.0282517895
1778	0.0238256939
1779	0.0212398097
1780	0.0205443129
1781	0.0184896588
1782	0.0208358914
1783	0.0237333775
1784	0.0243236236
1785	0.0257778317
1786	0.0223889742
1787	0.0194945652
1788	0.0233743563
1789	0.0227598995
1790	0.0222270098
1791	0.0212909449
1792	0.0205554590
1793	0.0223489217
1794	0.0205675792
1795	0.0185355190
1796	0.0181835145
1797	0.0203538164
1798	0.0201924630
1799	0.0205944218
1800	0.0196310245
1801	0.0188461170
1802	0.0186638720
1803	0.0194379445
1804	0.0186979081
1805	0.0209209453
1806	0.0215563606
1807	0.0235461146
1808	0.0246088337
1809	0.0302901343
1810	0.0302848686
1811	0.0256409887
1812	0.0269513763
1813	0.0245996937
1814	0.0257193539
1815	0.0261267237
1816	0.0244845636
1817	0.0273795445
1818	0.0314882137
1819	0.0285940785
1820	0.0286442824
1821	0.0287909750
1822	0.0268385131
1823	0.0271346439
1824	0.0275332537
1825	0.0294607878
1826	0.0340122357
1827	0.0290770885
1828	0.0315143168
1829	0.0328324363
1830	0.0354278423
1831	0.0383589305
1832	0.0411025994
1833	0.0442241319
1834	0.0443355925
1835	0.0417411365
1836	0.0520398505
1837	0.0422419719
1838	0.0396790951
1839	0.0519925505
1840	0.0502482951
1841	0.0472038947
1842	0.0560704060
1843	0.0618127100
1844	0.0660403892
1845	0.0606377460
1846	0.0599115044
1847	0.0497058369
1848	0.0553838089
1849	0.0649232194
1850	0.0624506921
1851	0.0638741553
1852	0.0642447993
1853	0.0730157942
1854	0.0688940585
1855	0.0673774332
1856	0.0654306635
1857	0.0680671707
1858	0.0622802787
1859	0.0753708631
1860	0.0794910789
1861	0.0750317201
1862	0.0762867108
1863	0.0872514397
1864	0.0790367126
1865	0.0757407472
1866	0.0765979737
1867	0.0758104548
1868	0.0777721703
1869	0.0776382014
1870	0.0722407475
1871	0.0806460083
1872	0.0844614133
1873	0.0745123178
1874	0.0795556828
1875	0.0822001323
1876	0.0891780704
1877	0.0784811601
1878	0.0883121490
1879	0.0942936391
1880	0.0787974745
1881	0.0858416110
1882	0.1034445316
1883	0.1133912876
1884	0.0953966975
1885	0.0867585391
1886	0.0910391808
1887	0.0932260677
1888	0.0927654058
1889	0.1114557981
1890	0.0962038934
1891	0.0784587637
1892	0.0778426677
1893	0.0801723897
1894	0.0863356516
1895	0.0957414880
1896	0.0831672773
1897	0.0761532262
1898	0.1106961295
1899	0.1006751508
1900	0.0908807665
1901	0.0978185907
1902	0.0806108490
1903	0.0875095874
1904	0.1001447514
1905	0.0962495431
1906	0.0818296447
1907	0.0989031792
1908	0.0885595381
1909	0.0841896906
1910	0.0921491534
1911	0.1125953943
1912	0.1016799584
1913	0.1290765405
1914	0.1267952919
1915	0.1050330251
1916	0.0869449228
1917	0.0888096243
1918	0.0821418092
1919	0.0854022577
1920	0.0763618052
1921	0.0867645517
1922	0.0859737173
1923	0.0768803060
1924	0.0625310987
1925	0.0712256432
1926	0.0829626471
1927	0.0783776715
1928	0.0847152323
1929	0.0862887353
1930	0.0909970179
1931	0.0821943805
1932	0.1035253629
1933	0.0877778754
1934	0.1001584455
1935	0.1033962592
1936	0.0875797495
1937	0.0869347453
1938	0.0748606697
1939	0.0849540532
1940	0.0843286961
1941	0.0945121422
1942	0.0805088058
1943	0.0758568123
1944	0.0782368854
1945	0.0818778872
1946	0.0799510702
1947	0.0874930397
1948	0.0830359310
1949	0.0951635242
1950	0.1137618348
1951	0.1222197488
1952	0.1667602360
1953	0.1244991645
1954	0.1309401393
1955	0.1492927223
1956	0.1325543821
1957	0.1151079237
1958	0.1060655043
1959	0.1222688481
1960	0.1146759316
1961	0.1273204535
1962	0.1138120294
1963	0.1262726337
1964	0.1318258792
1965	0.1237144470
1966	0.1082896814
1967	0.1009548530
1968	0.0977726057
1969	0.1119914800
1970	0.1143227294
1971	0.1089356169
1972	0.0947387144
1973	0.1126589775
1974	0.1168690994
1975	0.1420966834
1976	0.1366143078
1977	0.0931266770
1978	0.1006149948
1979	0.1056368202
1980	0.0933202058
1981	0.1143863797
1982	0.1397115737
1983	0.1277434975
1984	0.1446166933
1985	0.1423494816
1986	0.1121241823
1987	0.0980999842
1988	0.1194185391
1989	0.1107897982
1990	0.0756838545
1991	0.0894082189
1992	0.0993589610
1993	0.0928506404
1994	0.0842031837
1995	0.0777093470
1996	0.0701562017
1997	0.0704260096
1998	0.0748927668
1999	0.0770281628
2000	0.0690915659
