5	0.0000296016
6	0.0000232619
7	0.0000457681
8	0.0000906209
9	0.0000703636
10	0.0000430740
11	0.0000838909
12	0.0002148626
13	0.0003869669
14	0.0004913506
15	0.0006336954
16	0.0003349756
17	0.0002590637
18	0.0002320236
19	0.0003026164
20	0.0002360638
21	0.0001873135
22	0.0000896673
23	0.0000577189
24	0.0000921650
25	0.0001445232
26	0.0001821319
27	0.0001789248
28	0.0001523400
29	0.0001939113
30	0.0001743525
31	0.0001902719
32	0.0002163560
33	0.0002032358
34	0.0001877023
35	0.0002370249
36	0.0002814605
37	0.0002721343
38	0.0003329898
39	0.0002520613
40	0.0002640445
41	0.0002614406
42	0.0002871975
43	0.0001941383
44	0.0001329646
45	0.0001258756
46	0.0000981850
47	0.0000803471
48	0.0000628346
49	0.0000556016
50	0.0000503354
51	0.0000411322
52	0.0000425202
53	0.0000491419
54	0.0000486890
55	0.0000714654
56	0.0000851138
57	0.0000777784
58	0.0000859749
59	0.0001142840
60	0.0001269798
61	0.0001319844
62	0.0001380042
63	0.0001775615
64	0.0001528552
65	0.0001599000
66	0.0001685700
67	0.0001430314
68	0.0002148758
69	0.0001730007
70	0.0001636095
71	0.0001832791
72	0.0002498639
73	0.0002956516
74	0.0002336640
75	0.0003131632
76	0.0003641238
77	0.0003414267
78	0.0004704882
79	0.0005617510
80	0.0005937669
81	0.0006180654
82	0.0006334859
83	0.0007685585
84	0.0006810297
85	0.0006067383
86	0.0006438443
87	0.0007341998
88	0.0006547692
89	0.0005841085
90	0.0005688290
91	0.0004448891
92	0.0004044677
93	0.0003844448
94	0.0004620323
95	0.0005994815
96	0.0006283151
97	0.0005071609
98	0.0004502506
99	0.0004803382
100	0.0006176883
101	0.0007458105
102	0.0010753992
103	0.0010037801
104	0.0009799300
105	0.0008818408
106	0.0009591211
107	0.0011523208
108	0.0013400152
109	0.0013524838
110	0.0015272495
111	0.0015046175
112	0.0011030860
113	0.0012333904
114	0.0013261220
115	0.0013171238
116	0.0010742544
117	0.0011951438
118	0.0012403537
119	0.0012493590
120	0.0014571869
121	0.0018958196
122	0.0017736201
123	0.0014559701
124	0.0014554834
125	0.0013449816
126	0.0015376221
127	0.0015209472
128	0.0015556279
129	0.0016892429
130	0.0018989200
131	0.0019953693
132	0.0020254815
133	0.0021439272
134	0.0021440452
135	0.0016587627
136	0.0019914322
137	0.0021064118
138	0.0016847269
139	0.0014875690
140	0.0013762043
141	0.0014992618
142	0.0014896317
143	0.0016623391
144	0.0013982360
145	0.0015977535
146	0.0017613799
147	0.0019183196
148	0.0025999721
149	0.0027472631
150	0.0028323464
151	0.0036397406
152	0.0042329598
153	0.0050952262
154	0.0064415401
155	0.0073771626
156	0.0085478807
157	0.0094485162
158	0.0109831318
159	0.0117730796
160	0.0102126747
161	0.0088911708
162	0.0083721662
163	0.0069886907
164	0.0056054411
165	0.0060314541
166	0.0047273105
167	0.0038202158
168	0.0033744529
169	0.0030570268
170	0.0023873954
171	0.0015809472
172	0.0013005132
173	0.0013407938
174	0.0013493156
175	0.0009033220
176	0.0006156240
177	0.0004372827
178	0.0004435319
179	0.0003683207
180	0.0002896137
181	0.0002783255
182	0.0002265495
183	0.0002401591
184	0.0008051747
185	0.0022966755
186	0.0013823346
187	0.0004092485
188	0.0001952945
189	0.0001843236
190	0.0001954147
191	0.0003702388
192	0.0007690960
193	0.0012055022
194	0.0011143762
195	0.0010902901
196	0.0009643716
197	0.0005741245
198	0.0003354769
199	0.0002514136
200	0.0002487723
201	0.0001727952
202	0.0001233585
203	0.0000982193
204	0.0000794606
205	0.0000887911
206	0.0000822303
207	0.0000690286
208	0.0000685056
209	0.0000620624
210	0.0000570413
211	0.0000615481
212	0.0000831214
213	0.0000651114
214	0.0000571750
215	0.0000693020
216	0.0000534885
217	0.0000575834
218	0.0000508646
219	0.0000519384
220	0.0000608089
221	0.0000598898
222	0.0000522089
223	0.0000522979
224	0.0000491631
225	0.0000494900
226	0.0000619070
227	0.0000568467
228	0.0000655861
229	0.0000694697
230	0.0000573604
231	0.0000664924
232	0.0000675254
233	0.0000636076
234	0.0000716940
235	0.0000748971
236	0.0000972652
237	0.0000914819
238	0.0000928402
239	0.0000932730
240	0.0000792485
241	0.0000771913
242	0.0000991838
243	0.0001051742
244	0.0001317056
245	0.0001724308
246	0.0002465073
247	0.0003070262
248	0.0002078437
249	0.0001203520
250	0.0001306383
251	0.0001373392
252	0.0001204685
253	0.0001101840
254	0.0001034974
255	0.0001077044
256	0.0001151032
257	0.0001163966
258	0.0001263177
259	0.0001241897
260	0.0001358914
261	0.0001230021
262	0.0001227972
263	0.0001193866
264	0.0001181973
265	0.0001146925
266	0.0001372612
267	0.0001425730
268	0.0001378119
269	0.0001366802
270	0.0001153733
271	0.0001028579
272	0.0001302470
273	0.0001294760
274	0.0001464485
275	0.0001296658
276	0.0001230886
277	0.0001317236
278	0.0001402246
279	0.0001397784
280	0.0001193375
281	0.0001125044
282	0.0001277625
283	0.0001193693
284	0.0001293595
285	0.0001338313
286	0.0001210855
287	0.0001399583
288	0.0001314953
289	0.0001527155
290	0.0001888468
291	0.0002080162
292	0.0001904575
293	0.0002031988
294	0.0002204213
295	0.0002352090
296	0.0002929293
297	0.0003503922
298	0.0003631117
299	0.0004741237
300	0.0005846738
301	0.0005906888
302	0.0005478623
303	0.0006658309
304	0.0004743855
305	0.0005116304
306	0.0006375993
307	0.0008127872
308	0.0007633138
309	0.0007772374
310	0.0006947361
311	0.0006121698
312	0.0006538508
313	0.0006848796
314	0.0007507879
315	0.0009699087
316	0.0008967210
317	0.0010039220
318	0.0009354882
319	0.0007144549
320	0.0005853594
321	0.0004503946
322	0.0003776579
323	0.0003136604
324	0.0003027030
325	0.0002810482
326	0.0003310153
327	0.0004029077
328	0.0003116624
329	0.0003189304
330	0.0003466453
331	0.0002927944
332	0.0003393268
333	0.0003071306
334	0.0003369608
335	0.0003077417
336	0.0003030426
337	0.0003397961
338	0.0003389386
339	0.0003430434
340	0.0004412377
341	0.0003718149
342	0.0005334745
343	0.0006063787
344	0.0006342212
345	0.0009048583
346	0.0007447841
347	0.0009110264
348	0.0008180955
349	0.0004360258
350	0.0003852744
351	0.0003771630
352	0.0004386235
353	0.0004633847
354	0.0004218905
355	0.0004604650
356	0.0004837622
357	0.0005473869
358	0.0005846711
359	0.0006573899
360	0.0006457793
361	0.0006263516
362	0.0008069067
363	0.0006993352
364	0.0008693052
365	0.0008676597
366	0.0009190891
367	0.0008497777
368	0.0008885768
369	0.0012172863
370	0.0014577785
371	0.0012217396
372	0.0014390713
373	0.0017776601
374	0.0018294532
375	0.0015286132
376	0.0017560563
377	0.0018720190
378	0.0023658937
379	0.0034966862
380	0.0034801140
381	0.0041773370
382	0.0046250545
383	0.0046272338
384	0.0050264192
385	0.0049474142
386	0.0052140513
387	0.0061782445
388	0.0071746018
389	0.0075852540
390	0.0070575974
391	0.0075348378
392	0.0094701676
393	0.0126475627
394	0.0097288424
395	0.0102223074
396	0.0088905105
397	0.0076302020
398	0.0079969801
399	0.0097573232
400	0.0093515441
401	0.0068733301
402	0.0066710506
403	0.0067390618
404	0.0068468978
405	0.0050742100
406	0.0044760583
407	0.0051343399
408	0.0050217467
409	0.0042729317
410	0.0044644484
411	0.0036665706
412	0.0034931020
413	0.0036129369
414	0.0034607484
415	0.0036471938
416	0.0038901328
417	0.0032632165
418	0.0038016939
419	0.0044703423
420	0.0038533350
421	0.0043445011
422	0.0043089087
423	0.0038947507
424	0.0039521507
425	0.0041148365
426	0.0045056664
427	0.0043644644
428	0.0037658373
429	0.0039190459
430	0.0043198606
431	0.0043421113
432	0.0040566707
433	0.0040282947
434	0.0046535744
435	0.0050911782
436	0.0047863931
437	0.0055183750
438	0.0072821532
439	0.0087310895
440	0.0084459977
441	0.0089625195
442	0.0093036331
443	0.0094424672
444	0.0096517745
445	0.0092761889
446	0.0083364705
447	0.0090413401
448	0.0076500578
449	0.0085263625
450	0.0078361174
451	0.0087301228
452	0.0090962248
453	0.0109255230
454	0.0084026204
455	0.0078658322
456	0.0097382758
457	0.0103631681
458	0.0136140436
459	0.0135870157
460	0.0103913071
461	0.0105495891
462	0.0111677013
463	0.0112103289
464	0.0134627419
465	0.0133212497
466	0.0159638692
467	0.0196167696
468	0.0227263942
469	0.0248634685
470	0.0259924624
471	0.0275860019
472	0.0258385725
473	0.0232427567
474	0.0264135264
475	0.0293575097
476	0.0267330017
477	0.0289984997
478	0.0291113853
479	0.0298688691
480	0.0284334831
481	0.0318727307
482	0.0272442251
483	0.0298794676
484	0.0320328437
485	0.0310611539
486	0.0311046746
487	0.0310720112
488	0.0360591784
489	0.0328768529
490	0.0299919806
491	0.0224567782
492	0.0221065599
493	0.0208635479
494	0.0225457270
495	0.0235934071
496	0.0234113932
497	0.0234322548
498	0.0238453969
499	0.0215052180
500	0.0250947177
501	0.0229553021
502	0.0231001265
503	0.0244188141
504	0.0249584056
505	0.0271839425
506	0.0252998061
507	0.0217949729
508	0.0239634737
509	0.0274023432
510	0.0345870219
511	0.0345325582
512	0.0278041959
513	0.0282809213
514	0.0295126941
515	0.0273312088
516	0.0238011498
517	0.0260991119
518	0.0280086566
519	0.0213571526
520	0.0218726154
521	0.0213927105
522	0.0215039812
523	0.0190724339
524	0.0175129864
525	0.0176888835
526	0.0167447422
527	0.0147114573
528	0.0117546935
529	0.0133169657
530	0.0122916866
531	0.0109577924
532	0.0104198297
533	0.0096031986
534	0.0097556328
535	0.0131822228
536	0.0124169597
537	0.0097526815
538	0.0092905238
539	0.0076410025
540	0.0072824745
541	0.0080337478
542	0.0090417173
543	0.0088558728
544	0.0091175791
545	0.0093434090
546	0.0110373748
547	0.0124367885
548	0.0096612945
549	0.0101193869
550	0.0115351463
551	0.0139094731
552	0.0177085288
553	0.0213425532
554	0.0160156172
555	0.0175529495
556	0.0212332699
557	0.0215146318
558	0.0224355571
559	0.0245295633
560	0.0253075678
561	0.0228769593
562	0.0239484590
563	0.0269177277
564	0.0287711751
565	0.0282205399
566	0.0233239401
567	0.0200402625
568	0.0234024245
569	0.0222450588
570	0.0190526303
571	0.0149287125
572	0.0114308717
573	0.0109720789
574	0.0125841992
575	0.0133299017
576	0.0111634387
577	0.0092796786
578	0.0101569751
579	0.0091542779
580	0.0098615177
581	0.0075667892
582	0.0091028828
583	0.0070018363
584	0.0082244258
585	0.0081716860
586	0.0078689130
587	0.0073942267
588	0.0084941229
589	0.0087362109
590	0.0088686142
591	0.0080495710
592	0.0080045648
593	0.0101652639
594	0.0094966227
595	0.0094358595
596	0.0139757078
597	0.0125297895
598	0.0125004612
599	0.0145308003
600	0.0150974048
601	0.0152554195
602	0.0131106703
603	0.0165673420
604	0.0163709577
605	0.0170124322
606	0.0163313542
607	0.0193968099
608	0.0200345740
609	0.0204451941
610	0.0159241389
611	0.0164034013
612	0.0205951855
613	0.0229412653
614	0.0305022933
615	0.0274789929
616	0.0264987107
617	0.0347695760
618	0.0355601162
619	0.0304704774
620	0.0299609397
621	0.0337676965
622	0.0386543497
623	0.0359377936
624	0.0370348543
625	0.0394587480
626	0.0409655198
627	0.0367551558
628	0.0414092727
629	0.0460995436
630	0.0507894903
631	0.0468093269
632	0.0363869816
633	0.0437025502
634	0.0438936353
635	0.0398480482
636	0.0411105528
637	0.0505981594
638	0.0410391688
639	0.0351785645
640	0.0340644233
641	0.0271399207
642	0.0277515594
643	0.0244561303
644	0.0256260838
645	0.0279038064
646	0.0319214538
647	0.0280494336
648	0.0304443240
649	0.0348512419
650	0.0390957668
651	0.0441089310
652	0.0422385596
653	0.0444752239
654	0.0561511107
655	0.0632560402
656	0.0580185801
657	0.0583552904
658	0.0612937547
659	0.0657770336
660	0.0542257242
661	0.0445880741
662	0.0425937437
663	0.0371412113
664	0.0327069052
665	0.0289647263
666	0.0202638265
667	0.0146833006
668	0.0135861700
669	0.0123897586
670	0.0122909900
671	0.0124495802
672	0.0102408994
673	0.0091856560
674	0.0077316808
675	0.0066613560
676	0.0069613527
677	0.0069735935
678	0.0075496309
679	0.0069125523
680	0.0080998279
681	0.0064589148
682	0.0071286093
683	0.0062051602
684	0.0054985983
685	0.0053493036
686	0.0052958620
687	0.0062097739
688	0.0054585221
689	0.0045928233
690	0.0043549063
691	0.0048402096
692	0.0041184225
693	0.0037091784
694	0.0037448159
695	0.0037181091
696	0.0033702422
697	0.0032917843
698	0.0035850173
699	0.0029823433
700	0.0034375621
701	0.0031830370
702	0.0028088901
703	0.0024392991
704	0.0025096047
705	0.0023506237
706	0.0021142091
707	0.0023710732
708	0.0021415127
709	0.0024083746
710	0.0025584323
711	0.0026594219
712	0.0027633351
713	0.0025543068
714	0.0020858394
715	0.0020987247
716	0.0022577920
717	0.0025705069
718	0.0022182916
719	0.0021418997
720	0.0019542847
721	0.0023018215
722	0.0020795516
723	0.0021339464
724	0.0021899657
725	0.0022325073
726	0.0023312171
727	0.0021317143
728	0.0019068975
729	0.0020838312
730	0.0022419372
731	0.0023193795
732	0.0020813325
733	0.0021865275
734	0.0025317189
735	0.0022582274
736	0.0024880876
737	0.0024266844
738	0.0022464958
739	0.0022477536
740	0.0021723672
741	0.0022064478
742	0.0021499570
743	0.0016965021
744	0.0018016672
745	0.0021923054
746	0.0022090490
747	0.0020145355
748	0.0022238912
749	0.0020431131
750	0.0019331005
751	0.0024088481
752	0.0023319174
753	0.0020091212
754	0.0015744721
755	0.0019767303
756	0.0018207645
757	0.0020144715
758	0.0019729359
759	0.0018025136
760	0.0019817876
761	0.0015902887
762	0.0016085944
763	0.0018190737
764	0.0015370286
765	0.0021346246
766	0.0019160989
767	0.0017244592
768	0.0018397113
769	0.0017640935
770	0.0017162613
771	0.0015764855
772	0.0017622873
773	0.0019029817
774	0.0017893482
775	0.0016011827
776	0.0016731290
777	0.0015324240
778	0.0015108360
779	0.0019382141
780	0.0020431082
781	0.0018050675
782	0.0019030409
783	0.0022587182
784	0.0024245027
785	0.0025875294
786	0.0026111847
787	0.0026483105
788	0.0023392958
789	0.0022772329
790	0.0023916091
791	0.0026266631
792	0.0026508870
793	0.0023795348
794	0.0025949690
795	0.0027703047
796	0.0029660235
797	0.0024023592
798	0.0021013517
799	0.0022951791
800	0.0022565916
801	0.0022639630
802	0.0027506291
803	0.0026898957
804	0.0033007676
805	0.0032472771
806	0.0031585086
807	0.0040056193
808	0.0045046653
809	0.0049901507
810	0.0051631816
811	0.0053642746
812	0.0047810762
813	0.0044435821
814	0.0053902143
815	0.0064587267
816	0.0067884270
817	0.0066266144
818	0.0076096375
819	0.0081096357
820	0.0059839473
821	0.0043099299
822	0.0032080167
823	0.0028026621
824	0.0024500531
825	0.0019898368
826	0.0017796840
827	0.0016134083
828	0.0015707450
829	0.0016989795
830	0.0017847728
831	0.0017606342
832	0.0019925567
833	0.0020134153
834	0.0021334516
835	0.0027140430
836	0.0021914158
837	0.0021666458
838	0.0028887116
839	0.0029190588
840	0.0028367939
841	0.0030848510
842	0.0035057357
843	0.0036682573
844	0.0035994584
845	0.0036130829
846	0.0035875274
847	0.0046897605
848	0.0043661403
849	0.0045064357
850	0.0047810683
851	0.0052210335
852	0.0054388805
853	0.0051671853
854	0.0056483694
855	0.0069333678
856	0.0059543401
857	0.0059573939
858	0.0057747136
859	0.0052385144
860	0.0048461342
861	0.0045613381
862	0.0055550849
863	0.0057852124
864	0.0062165507
865	0.0071252487
866	0.0075330287
867	0.0081467601
868	0.0079941517
869	0.0084133912
870	0.0087622674
871	0.0068434705
872	0.0062657599
873	0.0055576172
874	0.0055846185
875	0.0064972625
876	0.0062342132
877	0.0048349402
878	0.0039341557
879	0.0047841710
880	0.0048208395
881	0.0043558371
882	0.0041466667
883	0.0041764849
884	0.0043840175
885	0.0048905620
886	0.0037445901
887	0.0042827190
888	0.0037068948
889	0.0042172186
890	0.0048110704
891	0.0046994342
892	0.0037994911
893	0.0044881552
894	0.0043916949
895	0.0032689364
896	0.0036541270
897	0.0043073092
898	0.0042721401
899	0.0048680799
900	0.0045191003
901	0.0045485771
902	0.0040953117
903	0.0049084853
904	0.0049268249
905	0.0051364149
906	0.0055272426
907	0.0048250090
908	0.0055662612
909	0.0063355067
910	0.0062308949
911	0.0054474319
912	0.0057845800
913	0.0065614930
914	0.0091814026
915	0.0093567306
916	0.0094128549
917	0.0097392369
918	0.0091632893
919	0.0060548373
920	0.0080557754
921	0.0093287975
922	0.0134333717
923	0.0146142812
924	0.0141438311
925	0.0161579698
926	0.0235665850
927	0.0223772377
928	0.0217887480
929	0.0233212598
930	0.0249023885
931	0.0232776552
932	0.0259889718
933	0.0231015328
934	0.0301186666
935	0.0266104955
936	0.0200171955
937	0.0193658285
938	0.0203784481
939	0.0249617621
940	0.0280222669
941	0.0206780303
942	0.0258955304
943	0.0352454223
944	0.0308154691
945	0.0301309582
946	0.0308338124
947	0.0286675300
948	0.0254078861
949	0.0239071231
950	0.0216568876
951	0.0238511022
952	0.0243394691
953	0.0226649661
954	0.0202558301
955	0.0183532592
956	0.0184622873
957	0.0165413432
958	0.0176374242
959	0.0186371934
960	0.0214467328
961	0.0239040386
962	0.0223164223
963	0.0189608429
964	0.0231180787
965	0.0257613100
966	0.0270023048
967	0.0212174524
968	0.0224856772
969	0.0241841078
970	0.0295810010
971	0.0402662344
972	0.0354744643
973	0.0353628136
974	0.0383874252
975	0.0406241380
976	0.0472122096
977	0.0573242903
978	0.0717803985
979	0.0690451860
980	0.0615696609
981	0.0700098053
982	0.0679165497
983	0.0676568598
984	0.0575005338
985	0.0597373918
986	0.0619235598
987	0.0787214115
988	0.0794657022
989	0.0739112571
990	0.0842616558
991	0.0920110270
992	0.0999067873
993	0.0871061534
994	0.0768909976
995	0.0849768892
996	0.0789332688
997	0.0707229450
998	0.0783432946
999	0.0617959797
1000	0.0622472838
1001	0.0561849885
1002	0.0535700843
1003	0.0452108681
1004	0.0436708443
1005	0.0389662273
1006	0.0382503346
1007	0.0347201303
1008	0.0324735940
1009	0.0315928236
1010	0.0270731505
1011	0.0293796230
1012	0.0313096866
1013	0.0311734192
1014	0.0292238481
1015	0.0286873765
1016	0.0261610858
1017	0.0250902809
1018	0.0293293763
1019	0.0266072955
1020	0.0281962622
1021	0.0262361001
1022	0.0233531967
1023	0.0250505246
1024	0.0261157546
1025	0.0256580133
1026	0.0221541375
1027	0.0229567885
1028	0.0230412669
1029	0.0247043036
1030	0.0240460187
1031	0.0263911597
1032	0.0245610941
1033	0.0212984271
1034	0.0220278259
1035	0.0224741865
1036	0.0231714994
1037	0.0174464528
1038	0.0148263248
1039	0.0147601133
1040	0.0155115826
1041	0.0163837038
1042	0.0176202953
1043	0.0193898473
1044	0.0154511975
1045	0.0128403660
1046	0.0128225796
1047	0.0135151716
1048	0.0155091016
1049	0.0128843496
1050	0.0132200960
1051	0.0164718721
1052	0.0177448168
1053	0.0142609850
1054	0.0122851590
1055	0.0140900072
1056	0.0152522428
1057	0.0142570250
1058	0.0123141957
1059	0.0151655739
1060	0.0148850800
1061	0.0126551297
1062	0.0151698925
1063	0.0212566014
1064	0.0159791466
1065	0.0136184087
1066	0.0145637002
1067	0.0166383535
1068	0.0175385028
1069	0.0170821380
1070	0.0195421632
1071	0.0215417799
1072	0.0176297445
1073	0.0191248953
1074	0.0252592955
1075	0.0218657851
1076	0.0186011568
1077	0.0204548035
1078	0.0200843439
1079	0.0201740097
1080	0.0178182088
1081	0.0158542339
1082	0.0153852357
1083	0.0150572741
1084	0.0170634426
1085	0.0169640314
1086	0.0171493795
1087	0.0163180791
1088	0.0176984891
1089	0.0186090730
1090	0.0181034580
1091	0.0184088070
1092	0.0222590361
1093	0.0218314901
1094	0.0227550920
1095	0.0202781335
1096	0.0183453877
1097	0.0180842429
1098	0.0250075664
1099	0.0242108535
1100	0.0202115830
1101	0.0209775604
1102	0.0209448263
1103	0.0186836869
1104	0.0207279418
1105	0.0186356064
1106	0.0166900326
1107	0.0177910365
1108	0.0163657628
1109	0.0183460452
1110	0.0181606114
1111	0.0168541893
1112	0.0147425421
1113	0.0157692842
1114	0.0216584429
1115	0.0234920178
1116	0.0220572520
1117	0.0186721738
1118	0.0198216792
1119	0.0192971062
1120	0.0177162085
1121	0.0179402884
1122	0.0179238319
1123	0.0176604651
1124	0.0130778207
1125	0.0148377623
1126	0.0165112484
1127	0.0114647476
1128	0.0113259023
1129	0.0118828043
1130	0.0113921929
1131	0.0115025425
1132	0.0119753936
1133	0.0106156189
1134	0.0105294455
1135	0.0085812584
1136	0.0088961478
1137	0.0111167394
1138	0.0104748486
1139	0.0104335537
1140	0.0105802426
1141	0.0148106534
1142	0.0155705651
1143	0.0142239342
1144	0.0143875359
1145	0.0143376198
1146	0.0130070541
1147	0.0155346710
1148	0.0174915045
1149	0.0186415799
1150	0.0232943129
1151	0.0287039485
1152	0.0249898881
1153	0.0238915328
1154	0.0272280201
1155	0.0292261019
1156	0.0316573456
1157	0.0302295126
1158	0.0280915909
1159	0.0303952880
1160	0.0360952429
1161	0.0403298102
1162	0.0336430110
1163	0.0264011659
1164	0.0297266487
1165	0.0310513508
1166	0.0278541669
1167	0.0270917956
1168	0.0239404067
1169	0.0254300442
1170	0.0285343602
1171	0.0262748450
1172	0.0340544097
1173	0.0341550484
1174	0.0228014160
1175	0.0187740289
1176	0.0246982928
1177	0.0209562555
1178	0.0242953245
1179	0.0181344636
1180	0.0153473187
1181	0.0208073556
1182	0.0199045036
1183	0.0142653640
1184	0.0143797118
1185	0.0139540145
1186	0.0135553395
1187	0.0125699351
1188	0.0128455944
1189	0.0118818125
1190	0.0100441631
1191	0.0101661133
1192	0.0102947336
1193	0.0088024978
1194	0.0096028596
1195	0.0095488774
1196	0.0084133735
1197	0.0095942887
1198	0.0084819347
1199	0.0105777029
1200	0.0112807835
1201	0.0107575692
1202	0.0098904371
1203	0.0092032868
1204	0.0096429875
1205	0.0087386994
1206	0.0092152804
1207	0.0098497458
1208	0.0075003826
1209	0.0085154567
1210	0.0093711484
1211	0.0098964637
1212	0.0110688629
1213	0.0103953583
1214	0.0089479089
1215	0.0088286642
1216	0.0087803025
1217	0.0093919206
1218	0.0088199778
1219	0.0100107053
1220	0.0093596727
1221	0.0094417548
1222	0.0116973110
1223	0.0122272233
1224	0.0098350737
1225	0.0099923862
1226	0.0109754466
1227	0.0131498417
1228	0.0120716169
1229	0.0114218257
1230	0.0123048192
1231	0.0129638398
1232	0.0150296902
1233	0.0141178677
1234	0.0116295787
1235	0.0117303552
1236	0.0147679802
1237	0.0162378959
1238	0.0190157779
1239	0.0153218294
1240	0.0137469480
1241	0.0139629571
1242	0.0130398963
1243	0.0130008087
1244	0.0154491449
1245	0.0165536683
1246	0.0188458860
1247	0.0168270022
1248	0.0180408061
1249	0.0176259819
1250	0.0244561303
1251	0.0296857469
1252	0.0310073383
1253	0.0316403098
1254	0.0277251583
1255	0.0226889011
1256	0.0245622657
1257	0.0269085746
1258	0.0300078671
1259	0.0330479592
1260	0.0382837169
1261	0.0409468599
1262	0.0373480916
1263	0.0316763595
1264	0.0308871530
1265	0.0332174711
1266	0.0352901332
1267	0.0351411775
1268	0.0411818475
1269	0.0340493992
1270	0.0366447307
1271	0.0435331911
1272	0.0422746837
1273	0.0438089930
1274	0.0438324809
1275	0.0401590317
1276	0.0445201285
1277	0.0489304923
1278	0.0459653549
1279	0.0387705378
1280	0.0363312699
1281	0.0383873098
1282	0.0407673381
1283	0.0386634618
1284	0.0357689932
1285	0.0372652449
1286	0.0447923392
1287	0.0518697686
1288	0.0512668304
1289	0.0426604636
1290	0.0405239500
1291	0.0325685702
1292	0.0340273120
1293	0.0435471572
1294	0.0375355408
1295	0.0425186530
1296	0.0455691740
1297	0.0414353646
1298	0.0448206477
1299	0.0384446979
1300	0.0380715877
1301	0.0336364396
1302	0.0317929387
1303	0.0370069481
1304	0.0415753275
1305	0.0366222002
1306	0.0340697654
1307	0.0336575545
1308	0.0317508951
1309	0.0440644212
1310	0.0339961089
1311	0.0395564474
1312	0.0468832590
1313	0.0391001627
1314	0.0370307378
1315	0.0355625451
1316	0.0328660831
1317	0.0266941469
1318	0.0280059539
1319	0.0260475352
1320	0.0271026120
1321	0.0248658899
1322	0.0263549928
1323	0.0245729405
1324	0.0258944705
1325	0.0268972460
1326	0.0284511484
1327	0.0293309912
1328	0.0248989761
1329	0.0240261927
1330	0.0278981943
1331	0.0269869715
1332	0.0256366413
1333	0.0286955144
1334	0.0367463119
1335	0.0314135142
1336	0.0264911260
1337	0.0262257978
1338	0.0284680407
1339	0.0309922602
1340	0.0247165971
1341	0.0272628143
1342	0.0281523857
1343	0.0297742765
1344	0.0267612562
1345	0.0237775389
1346	0.0268136784
1347	0.0307132378
1348	0.0242487509
1349	0.0245289188
1350	0.0302488152
1351	0.0340313464
1352	0.0336623490
1353	0.0341028348
1354	0.0346158780
1355	0.0353421308
1356	0.0385064259
1357	0.0367612801
1358	0.0268988442
1359	0.0257013757
1360	0.0303987749
1361	0.0341712795
1362	0.0355156399
1363	0.0389508009
1364	0.0348031670
1365	0.0333231427
1366	0.0360342860
1367	0.0339345038
1368	0.0318931192
1369	0.0343528464
1370	0.0409087650
1371	0.0343981758
1372	0.0351322778
1373	0.0474911369
1374	0.0416045859
1375	0.0354134589
1376	0.0326449350
1377	0.0353899784
1378	0.0338809155
1379	0.0298248287
1380	0.0336450897
1381	0.0414827876
1382	0.0386457220
1383	0.0391951427
1384	0.0319135562
1385	0.0341009237
1386	0.0408235677
1387	0.0278897006
1388	0.0243185442
1389	0.0267756209
1390	0.0260179248
1391	0.0266830064
1392	0.0217554830
1393	0.0209468063
1394	0.0249393489
1395	0.0265712272
1396	0.0296311118
1397	0.0272587780
1398	0.0251277518
1399	0.0267148521
1400	0.0227133613
1401	0.0234013479
1402	0.0250481702
1403	0.0239951517
1404	0.0201928727
1405	0.0220702551
1406	0.0251416676
1407	0.0178845916
1408	0.0147813838
1409	0.0197447855
1410	0.0266079903
1411	0.0252629686
1412	0.0247273464
1413	0.0248517655
1414	0.0218176004
1415	0.0259396490
1416	0.0237832684
1417	0.0233695246
1418	0.0168558899
1419	0.0167867001
1420	0.0203329157
1421	0.0201123301
1422	0.0163593162
1423	0.0164952092
1424	0.0166255198
1425	0.0160777923
1426	0.0166076664
1427	0.0189722441
1428	0.0204315111
1429	0.0193450749
1430	0.0219363905
1431	0.0228549261
1432	0.0210246276
1433	0.0206447728
1434	0.0221963041
1435	0.0200584065
1436	0.0254259538
1437	0.0262006149
1438	0.0245420095
1439	0.0202779956
1440	0.0190400891
1441	0.0205924641
1442	0.0244116150
1443	0.0301535223
1444	0.0242792591
1445	0.0212753490
1446	0.0207718331
1447	0.0280667320
1448	0.0263214763
1449	0.0267846528
1450	0.0294065569
1451	0.0224222764
1452	0.0276009701
1453	0.0295445826
1454	0.0382619165
1455	0.0349680670
1456	0.0437574647
1457	0.0375222079
1458	0.0394874588
1459	0.0363708027
1460	0.0347191691
1461	0.0431054719
1462	0.0413994081
1463	0.0452892408
1464	0.0413574688
1465	0.0435725823
1466	0.0457795076
1467	0.0449866168
1468	0.0457686037
1469	0.0390182883
1470	0.0394743755
1471	0.0423820466
1472	0.0515651777
1473	0.0603848845
1474	0.0425160229
1475	0.0420714468
1476	0.0465290695
1477	0.0535794050
1478	0.0492943488
1479	0.0565182008
1480	0.0545110516
1481	0.0442289859
1482	0.0465912074
1483	0.0469151437
1484	0.0436337925
1485	0.0558972247
1486	0.0582499690
1487	0.0506747887
1488	0.0501406044
1489	0.0615022592
1490	0.0557189807
1491	0.0716042742
1492	0.0678911209
1493	0.0694564134
1494	0.0863212943
1495	0.0881245062
1496	0.0883720294
1497	0.0917698890
1498	0.0806331411
1499	0.0751240402
1500	0.0794059932
1501	0.0699390620
1502	0.0746952966
1503	0.0743416846
1504	0.0919221118
1505	0.1091274247
1506	0.0979079381
1507	0.1119734347
1508	0.1041067988
1509	0.0804785639
1510	0.0736674890
1511	0.0863979980
1512	0.0907832608
1513	0.0861737728
1514	0.0982218012
1515	0.1022302434
1516	0.0821020976
1517	0.0834484398
1518	0.0910967439
1519	0.0859733820
1520	0.0943933204
1521	0.0755945221
1522	0.0709173977
1523	0.0846678019
1524	0.0817747787
1525	0.0849999934
1526	0.0845460519
1527	0.0849768892
1528	0.0879209638
1529	0.1076271385
1530	0.1027635336
1531	0.0965896100
1532	0.0812918097
1533	0.0929239318
1534	0.0842220262
1535	0.0752867311
1536	0.0911403000
1537	0.0910764933
1538	0.0723074302
1539	0.0770176500
1540	0.0883374363
1541	0.0778189525
1542	0.0740664452
1543	0.0604287609
1544	0.0752904266
1545	0.0568213575
1546	0.0466827750
1547	0.0430270024
1548	0.0442430340
1549	0.0483385138
1550	0.0459210463
1551	0.0570114329
1552	0.0832979605
1553	0.0731665418
1554	0.0719250590
1555	0.0631115064
1556	0.0551567450
1557	0.0595758855
1558	0.0636940524
1559	0.0616312400
1560	0.0630268604
1561	0.0643069223
1562	0.0699789003
1563	0.0578462929
1564	0.0409028195
1565	0.0290663037
1566	0.0299544819
1567	0.0397303067
1568	0.0413082391
1569	0.0370404087
1570	0.0343708359
1571	0.0333509631
1572	0.0370018296
1573	0.0348517932
1574	0.0255625118
1575	0.0222291108
1576	0.0219057016
1577	0.0277789775
1578	0.0220999308
1579	0.0190834682
1580	0.0175927654
1581	0.0159890074
1582	0.0202014782
1583	0.0207142029
1584	0.0156947374
1585	0.0167679396
1586	0.0172530487
1587	0.0159415174
1588	0.0117586637
1589	0.0108990734
1590	0.0114038931
1591	0.0128504978
1592	0.0104432376
1593	0.0124047995
1594	0.0095571699
1595	0.0108727142
1596	0.0128927026
1597	0.0114664892
1598	0.0100397393
1599	0.0102865864
1600	0.0120272012
1601	0.0126865059
1602	0.0141417263
1603	0.0129094683
1604	0.0142994067
1605	0.0134735536
1606	0.0132915545
1607	0.0124731883
1608	0.0124370279
1609	0.0134672085
1610	0.0135190086
1611	0.0129101817
1612	0.0146358609
1613	0.0162585061
1614	0.0119408825
1615	0.0132219940
1616	0.0134331575
1617	0.0127897803
1618	0.0121470010
1619	0.0118041253
1620	0.0119701363
1621	0.0132332826
1622	0.0144473016
1623	0.0110310297
1624	0.0089240903
1625	0.0086649116
1626	0.0104814479
1627	0.0103189331
1628	0.0111756399
1629	0.0102830371
1630	0.0099471500
1631	0.0097680204
1632	0.0083832657
1633	0.0078881131
1634	0.0086280359
1635	0.0095311934
1636	0.0101572154
1637	0.0089987069
1638	0.0071246913
1639	0.0077254567
1640	0.0074858568
1641	0.0082270792
1642	0.0082765399
1643	0.0076811863
1644	0.0075615947
1645	0.0073126289
1646	0.0062475172
1647	0.0070652454
1648	0.0080589224
1649	0.0065173022
1650	0.0066198399
1651	0.0060538962
1652	0.0048984303
1653	0.0053574853
1654	0.0058270115
1655	0.0068377056
1656	0.0064196796
1657	0.0071690334
1658	0.0074228821
1659	0.0049446221
1660	0.0044068904
1661	0.0049789362
1662	0.0060040709
1663	0.0066123344
1664	0.0059003285
1665	0.0067385896
1666	0.0056791035
1667	0.0056493110
1668	0.0048323665
1669	0.0047950475
1670	0.0048928163
1671	0.0051130462
1672	0.0062849293
1673	0.0055681425
1674	0.0054244683
1675	0.0051816828
1676	0.0060057607
1677	0.0059492537
1678	0.0046934979
1679	0.0048070643
1680	0.0054402393
1681	0.0053648800
1682	0.0047320421
1683	0.0062726135
1684	0.0062049204
1685	0.0055678887
1686	0.0048968946
1687	0.0043217610
1688	0.0046448726
1689	0.0051769908
1690	0.0051260036
1691	0.0055232858
1692	0.0056736548
1693	0.0048232065
1694	0.0049866540
1695	0.0048316941
1696	0.0049203457
1697	0.0048153149
1698	0.0043568434
1699	0.0052631823
1700	0.0050265645
1701	0.0045942231
1702	0.0049156547
1703	0.0058943415
1704	0.0058741900
1705	0.0053999270
1706	0.0054539898
1707	0.0055714399
1708	0.0054124123
1709	0.0062052403
1710	0.0061976109
1711	0.0054987669
1712	0.0057061324
1713	0.0060258661
1714	0.0055753668
1715	0.0052749505
1716	0.0055561466
1717	0.0059015728
1718	0.0052312571
1719	0.0053478712
1720	0.0047404943
1721	0.0042300364
1722	0.0044024242
1723	0.0051856805
1724	0.0052627977
1725	0.0050934087
1726	0.0055596298
1727	0.0054444508
1728	0.0048655905
1729	0.0045992970
1730	0.0048910580
1731	0.0052224230
1732	0.0041518137
1733	0.0056707198
1734	0.0056895209
1735	0.0051369029
1736	0.0052539767
1737	0.0051102606
1738	0.0065124044
1739	0.0064181248
1740	0.0062215701
1741	0.0060704746
1742	0.0055899662
1743	0.0073346393
1744	0.0074128066
1745	0.0058870581
1746	0.0058641010
1747	0.0077061476
1748	0.0077210353
1749	0.0078170449
1750	0.0090432959
1751	0.0079897847
1752	0.0074649868
1753	0.0087234508
1754	0.0076682973
1755	0.0085028019
1756	0.0082292203
1757	0.0080764797
1758	0.0086455904
1759	0.0082890587
1760	0.0083117671
1761	0.0093133552
1762	0.0102865947
1763	0.0085916100
1764	0.0082614860
1765	0.0097085182
1766	0.0099702580
1767	0.0080238041
1768	0.0077406960
1769	0.0089502698
1770	0.0095432317
1771	0.0097070653
1772	0.0080914488
1773	0.0091840317
1774	0.0095523875
1775	0.0096365614
1776	0.0086868862
1777	0.0083825216
1778	0.0071939821
1779	0.0068569728
1780	0.0065696668
1781	0.0053954590
1782	0.0041311514
1783	0.0053281910
1784	0.0058745453
1785	0.0053825960
1786	0.0046899738
1787	0.0043638311
1788	0.0052616643
1789	0.0046431930
1790	0.0048614526
1791	0.0045579588
1792	0.0046422388
1793	0.0055419435
1794	0.0050733215
1795	0.0037312913
1796	0.0035036912
1797	0.0034302834
1798	0.0036852728
1799	0.0033517752
1800	0.0033239815
1801	0.0036630116
1802	0.0034476910
1803	0.0034323626
1804	0.0024535381
1805	0.0023056890
1806	0.0021794541
1807	0.0024488778
1808	0.0022085817
1809	0.0025446517
1810	0.0024463732
1811	0.0023703768
1812	0.0023602066
1813	0.0029439665
1814	0.0030165655
1815	0.0025359257
1816	0.0021823500
1817	0.0021215773
1818	0.0023654955
1819	0.0023376157
1820	0.0025392785
1821	0.0023988581
1822	0.0024442775
1823	0.0019550908
1824	0.0027015356
1825	0.0023320229
1826	0.0019684359
1827	0.0021813847
1828	0.0024375792
1829	0.0026503154
1830	0.0024627103
1831	0.0023706697
1832	0.0032338924
1833	0.0032841701
1834	0.0027521912
1835	0.0034454248
1836	0.0038012476
1837	0.0028437749
1838	0.0029456888
1839	0.0031207385
1840	0.0032597175
1841	0.0031882240
1842	0.0032529354
1843	0.0031221311
1844	0.0027903481
1845	0.0031402765
1846	0.0036025851
1847	0.0031213770
1848	0.0033202153
1849	0.0032818008
1850	0.0029041676
1851	0.0035591528
1852	0.0038991899
1853	0.0036159551
1854	0.0032555293
1855	0.0033551324
1856	0.0034187161
1857	0.0038391226
1858	0.0032641455
1859	0.0035907445
1860	0.0037128178
1861	0.0033816772
1862	0.0032795346
1863	0.0037379996
1864	0.0042271791
1865	0.0039694407
1866	0.0039266655
1867	0.0043945732
1868	0.0056096506
1869	0.0060853860
1870	0.0058850343
1871	0.0061230040
1872	0.0067701088
1873	0.0067271753
1874	0.0081541082
1875	0.0072026402
1876	0.0064614480
1877	0.0058767288
1878	0.0052656294
1879	0.0057964209
1880	0.0057000956
1881	0.0050107278
1882	0.0045190826
1883	0.0044258758
1884	0.0043196115
1885	0.0044090706
1886	0.0045396890
1887	0.0048054033
1888	0.0043196883
1889	0.0040740194
1890	0.0060621384
1891	0.0073376782
1892	0.0084812837
1893	0.0077084568
1894	0.0082092164
1895	0.0083785718
1896	0.0092898272
1897	0.0114164352
1898	0.0102121308
1899	0.0092600733
1900	0.0082050059
1901	0.0096971914
1902	0.0091638258
1903	0.0087188631
1904	0.0068271630
1905	0.0058158506
1906	0.0051462175
1907	0.0048735929
1908	0.0060419561
1909	0.0050469837
1910	0.0043887687
1911	0.0058592744
1912	0.0076123369
1913	0.0075125480
1914	0.0067048771
1915	0.0061619417
1916	0.0096052596
1917	0.0095979841
1918	0.0127978995
1919	0.0133913076
1920	0.0103665050
1921	0.0137529559
1922	0.0102101574
1923	0.0106881736
1924	0.0122093372
1925	0.0112778330
1926	0.0082451887
1927	0.0053227651
1928	0.0042617251
1929	0.0046041948
1930	0.0039534029
1931	0.0039059997
1932	0.0037036419
1933	0.0027179962
1934	0.0025681632
1935	0.0031714754
1936	0.0026528479
1937	0.0021448350
1938	0.0023022364
1939	0.0020233353
1940	0.0014362459
1941	0.0015533357
1942	0.0015589161
1943	0.0018187497
1944	0.0020826177
1945	0.0016916649
1946	0.0014847802
1947	0.0016061679
1948	0.0014837504
1949	0.0011186538
1950	0.0019495494
1951	0.0017718677
1952	0.0012422553
1953	0.0012083706
1954	0.0014460457
1955	0.0014679173
1956	0.0013883868
1957	0.0014463116
1958	0.0015605749
1959	0.0012238944
1960	0.0009791817
1961	0.0012144751
1962	0.0016812654
1963	0.0015806011
1964	0.0013980083
1965	0.0012671293
1966	0.0016261728
1967	0.0015071020
1968	0.0014122376
1969	0.0013772410
1970	0.0016905046
1971	0.0016155413
1972	0.0015129885
1973	0.0018779360
1974	0.0022866568
1975	0.0019068975
1976	0.0018857851
1977	0.0018559602
1978	0.0016685950
1979	0.0011662545
1980	0.0011094343
1981	0.0018400212
1982	0.0014481646
1983	0.0010127748
1984	0.0012149058
1985	0.0011989677
1986	0.0010229857
1987	0.0010966542
1988	0.0011867493
1989	0.0011001658
1990	0.0011212049
1991	0.0009949873
1992	0.0008516736
1993	0.0007697903
1994	0.0007307847
1995	0.0008983711
1996	0.0008071570
1997	0.0007747223
1998	0.0009938759
1999	0.0009304323
2000	0.0007645407
