5	0.0008483907
6	0.0005728357
7	0.0004799244
8	0.0006580075
9	0.0007530570
10	0.0007936244
11	0.0010710023
12	0.0020267623
13	0.0031197604
14	0.0032869019
15	0.0031522419
16	0.0014262891
17	0.0009937092
18	0.0009146085
19	0.0016878806
20	0.0014169355
21	0.0014054521
22	0.0007556005
23	0.0005328393
24	0.0005763887
25	0.0006560651
26	0.0005607712
27	0.0006096219
28	0.0006517450
29	0.0007290319
30	0.0005962533
31	0.0005602839
32	0.0005049373
33	0.0003644728
34	0.0003089036
35	0.0003827368
36	0.0004019895
37	0.0003393138
38	0.0003680915
39	0.0003263190
40	0.0003752674
41	0.0004572142
42	0.0006632553
43	0.0007127817
44	0.0005270607
45	0.0005424859
46	0.0006122016
47	0.0006714344
48	0.0005957436
49	0.0005809821
50	0.0006107485
51	0.0005896381
52	0.0004780155
53	0.0003550852
54	0.0003674916
55	0.0003760924
56	0.0003120020
57	0.0003498318
58	0.0003979044
59	0.0003280992
60	0.0002849556
61	0.0003246684
62	0.0003516830
63	0.0003569839
64	0.0003753228
65	0.0003693071
66	0.0004149231
67	0.0004171144
68	0.0004601265
69	0.0004581181
70	0.0004018945
71	0.0003451127
72	0.0003756860
73	0.0003983835
74	0.0002717751
75	0.0003550670
76	0.0004256292
77	0.0003707333
78	0.0004797668
79	0.0005277737
80	0.0005489459
81	0.0005474516
82	0.0006372505
83	0.0006862664
84	0.0005421344
85	0.0005249787
86	0.0005899344
87	0.0005587816
88	0.0004835063
89	0.0005168150
90	0.0004682891
91	0.0004971746
92	0.0006024502
93	0.0005631468
94	0.0005374541
95	0.0006422712
96	0.0006635181
97	0.0005537865
98	0.0006217983
99	0.0008452623
100	0.0018704110
101	0.0047560227
102	0.0063473303
103	0.0042370469
104	0.0022004980
105	0.0008756460
106	0.0005764244
107	0.0005066415
108	0.0004780572
109	0.0004784605
110	0.0004627356
111	0.0004856359
112	0.0004255044
113	0.0004078134
114	0.0004344392
115	0.0004066549
116	0.0003988688
117	0.0004009210
118	0.0004532519
119	0.0005590472
120	0.0006195617
121	0.0004639847
122	0.0004089919
123	0.0004582586
124	0.0005782245
125	0.0005860220
126	0.0007819679
127	0.0008871916
128	0.0008067089
129	0.0007591566
130	0.0008000610
131	0.0008884562
132	0.0009561940
133	0.0011197876
134	0.0011606158
135	0.0015242175
136	0.0022060410
137	0.0020533858
138	0.0018384448
139	0.0019241265
140	0.0014494283
141	0.0015762319
142	0.0017790383
143	0.0021061094
144	0.0025144196
145	0.0028251715
146	0.0029760073
147	0.0038330576
148	0.0045492849
149	0.0046385480
150	0.0056106150
151	0.0068531078
152	0.0088345585
153	0.0101832803
154	0.0123947058
155	0.0156898778
156	0.0193317588
157	0.0225094445
158	0.0297409836
159	0.0399486460
160	0.0493783318
161	0.0591948293
162	0.0706181675
163	0.0697310418
164	0.0780435950
165	0.0695108250
166	0.0614246614
167	0.0567908846
168	0.0529502854
169	0.0465880744
170	0.0328290947
171	0.0247324239
172	0.0240097735
173	0.0176358223
174	0.0128625650
175	0.0102936802
176	0.0068042441
177	0.0061774598
178	0.0048690811
179	0.0040932558
180	0.0036842905
181	0.0031541521
182	0.0023395279
183	0.0022721351
184	0.0090941694
185	0.0240970757
186	0.0141621921
187	0.0058336123
188	0.0080759618
189	0.0155531196
190	0.0323395394
191	0.0433662049
192	0.0386333689
193	0.0505903251
194	0.0476213433
195	0.0357817598
196	0.0168018173
197	0.0141004724
198	0.0105399061
199	0.0078745587
200	0.0084833093
201	0.0076391585
202	0.0052287048
203	0.0037364746
204	0.0036756089
205	0.0039381892
206	0.0031638846
207	0.0030914361
208	0.0023139729
209	0.0025882791
210	0.0027536133
211	0.0027960625
212	0.0025052514
213	0.0031377259
214	0.0032854783
215	0.0036145719
216	0.0044533382
217	0.0054765847
218	0.0064773387
219	0.0075825341
220	0.0093610277
221	0.0137973586
222	0.0223718658
223	0.0288260877
224	0.0383913741
225	0.0393386036
226	0.0318177193
227	0.0204370487
228	0.0184558164
229	0.0273040030
230	0.0583129898
231	0.1205319464
232	0.0837256685
233	0.0430834666
234	0.0278029460
235	0.0350896828
236	0.0393864922
237	0.0357899927
238	0.0526176281
239	0.0469537638
240	0.0316218771
241	0.0209815688
242	0.0141696380
243	0.0085338280
244	0.0066024954
245	0.0055129724
246	0.0044132248
247	0.0032518543
248	0.0028633364
249	0.0024834620
250	0.0020923349
251	0.0018322822
252	0.0019465595
253	0.0017052364
254	0.0017101086
255	0.0016941814
256	0.0019088398
257	0.0018413283
258	0.0015502756
259	0.0017032828
260	0.0016604031
261	0.0018601577
262	0.0017986891
263	0.0027233919
264	0.0025000856
265	0.0019834314
266	0.0020677552
267	0.0025245389
268	0.0027343424
269	0.0027811753
270	0.0028432542
271	0.0028446100
272	0.0032002062
273	0.0038679901
274	0.0041428581
275	0.0048659979
276	0.0046870862
277	0.0049132230
278	0.0061742202
279	0.0066125193
280	0.0073832362
281	0.0086551979
282	0.0125848753
283	0.0100644296
284	0.0100023076
285	0.0112479283
286	0.0145731848
287	0.0146277361
288	0.0152741121
289	0.0196258593
290	0.0272131786
291	0.0317282826
292	0.0335153565
293	0.0354983956
294	0.0434143022
295	0.0563711151
296	0.0780274123
297	0.0858808011
298	0.0895383582
299	0.0856397003
300	0.1021134481
301	0.1195600256
302	0.1249939129
303	0.1557690799
304	0.1382056922
305	0.1477083564
306	0.1622276008
307	0.2097624093
308	0.1762021184
309	0.2474862486
310	0.2301081270
311	0.2332554907
312	0.2197598815
313	0.1836194247
314	0.1600133628
315	0.1627432555
316	0.1520511657
317	0.1039085016
318	0.0810330734
319	0.0660984293
320	0.0566027090
321	0.0546026975
322	0.0579787940
323	0.0461958610
324	0.0392718688
325	0.0469791554
326	0.0483371802
327	0.0365582593
328	0.0319920070
329	0.0316424891
330	0.0319073573
331	0.0349380784
332	0.0365004800
333	0.0269140620
334	0.0224136710
335	0.0239955448
336	0.0264417101
337	0.0243801698
338	0.0277181398
339	0.0564269051
340	0.0895759985
341	0.0643902123
342	0.0487150699
343	0.0539811067
344	0.0452563204
345	0.0529151112
346	0.0770265162
347	0.0803473517
348	0.0512959734
349	0.0252963156
350	0.0189213101
351	0.0154000111
352	0.0175295323
353	0.0173984114
354	0.0123023419
355	0.0108005675
356	0.0104635637
357	0.0133580435
358	0.0140430173
359	0.0102511719
360	0.0111837527
361	0.0119568650
362	0.0108414358
363	0.0104316957
364	0.0107030114
365	0.0114470944
366	0.0113072749
367	0.0103357630
368	0.0114921434
369	0.0108911078
370	0.0118544446
371	0.0122256624
372	0.0119861867
373	0.0112375757
374	0.0118101658
375	0.0113496734
376	0.0109811015
377	0.0112035992
378	0.0108903255
379	0.0114906710
380	0.0104452856
381	0.0111599406
382	0.0130050732
383	0.0136926584
384	0.0147087798
385	0.0161115136
386	0.0159229506
387	0.0162410829
388	0.0193708036
389	0.0192051269
390	0.0165125541
391	0.0153029645
392	0.0166555792
393	0.0188600440
394	0.0183480121
395	0.0154343639
396	0.0157443378
397	0.0155119114
398	0.0179523770
399	0.0169886947
400	0.0158074554
401	0.0149489651
402	0.0158969238
403	0.0165174436
404	0.0161474794
405	0.0170543510
406	0.0170997530
407	0.0179617479
408	0.0166681465
409	0.0196190588
410	0.0204196945
411	0.0238502361
412	0.0250022821
413	0.0293055382
414	0.0318318531
415	0.0309448875
416	0.0343277492
417	0.0387395881
418	0.0389737189
419	0.0430974178
420	0.0464328565
421	0.0490390584
422	0.0467556082
423	0.0515627041
424	0.0550844856
425	0.0604587682
426	0.0644797161
427	0.0684200898
428	0.0882243887
429	0.0922295302
430	0.0976303741
431	0.0969124883
432	0.0964979306
433	0.0967570767
434	0.1051430777
435	0.1157102883
436	0.1290287822
437	0.1271463484
438	0.1116312742
439	0.1082000360
440	0.0994524732
441	0.0868091360
442	0.0870566815
443	0.0863559768
444	0.0875825658
445	0.0643748492
446	0.0596468113
447	0.0596428737
448	0.0671158284
449	0.0823767185
450	0.0552021079
451	0.0489849485
452	0.0550122745
453	0.0401276983
454	0.0360988677
455	0.0312064756
456	0.0353656039
457	0.0274639726
458	0.0232593883
459	0.0189166963
460	0.0165291801
461	0.0150184967
462	0.0131730027
463	0.0137936901
464	0.0135114379
465	0.0127018606
466	0.0144601222
467	0.0159199927
468	0.0188042335
469	0.0184950158
470	0.0158060025
471	0.0184350610
472	0.0218731407
473	0.0202754997
474	0.0210638884
475	0.0236620530
476	0.0246995706
477	0.0251898598
478	0.0241484959
479	0.0290922262
480	0.0278094094
481	0.0296170283
482	0.0293955244
483	0.0271309819
484	0.0279065091
485	0.0299804658
486	0.0317772999
487	0.0326620378
488	0.0358303115
489	0.0351240300
490	0.0346066952
491	0.0373987593
492	0.0413568951
493	0.0399760604
494	0.0431803986
495	0.0412558876
496	0.0473388620
497	0.0476102903
498	0.0530888140
499	0.0476189479
500	0.0453548133
501	0.0495327525
502	0.0566427670
503	0.0617133752
504	0.0525376648
505	0.0532824658
506	0.0619627014
507	0.0481148399
508	0.0611752011
509	0.0611206256
510	0.0536200628
511	0.0550474487
512	0.0582811050
513	0.0644451976
514	0.0737247467
515	0.0548372678
516	0.0571114905
517	0.0487974919
518	0.0485991202
519	0.0529089645
520	0.0511402972
521	0.0385890305
522	0.0302518234
523	0.0341561176
524	0.0378741696
525	0.0399474800
526	0.0319633819
527	0.0281081907
528	0.0294478051
529	0.0304038282
530	0.0292477049
531	0.0279932395
532	0.0294631291
533	0.0291711744
534	0.0283493027
535	0.0321228057
536	0.0320091918
537	0.0218248870
538	0.0156368092
539	0.0155533031
540	0.0145641044
541	0.0151340142
542	0.0132661695
543	0.0147678377
544	0.0173483733
545	0.0196184944
546	0.0197574887
547	0.0207976643
548	0.0204111524
549	0.0201913714
550	0.0260309409
551	0.0309618786
552	0.0347080044
553	0.0417003408
554	0.0425041541
555	0.0522669367
556	0.0591553822
557	0.0602610074
558	0.0652428940
559	0.0561150648
560	0.0665289760
561	0.0721258745
562	0.0666377619
563	0.0682808608
564	0.0728908256
565	0.0757654086
566	0.0704994127
567	0.0677278787
568	0.0763875395
569	0.0692575052
570	0.0588191301
571	0.0527489781
572	0.0459678955
573	0.0443850979
574	0.0471924655
575	0.0487763211
576	0.0370626450
577	0.0333376713
578	0.0293452498
579	0.0274961982
580	0.0275803506
581	0.0335864946
582	0.0303378161
583	0.0286778416
584	0.0284086931
585	0.0265630558
586	0.0262002088
587	0.0262187850
588	0.0292496402
589	0.0329794213
590	0.0285059270
591	0.0281330198
592	0.0293805860
593	0.0246380828
594	0.0286231712
595	0.0311516412
596	0.0259545557
597	0.0226351414
598	0.0207907762
599	0.0252746847
600	0.0276987851
601	0.0276017431
602	0.0262402836
603	0.0281148907
604	0.0308161490
605	0.0404475890
606	0.0390624255
607	0.0299031753
608	0.0369608663
609	0.0434091054
610	0.0502697006
611	0.0334922522
612	0.0288912971
613	0.0332407728
614	0.0238664765
615	0.0238695778
616	0.0264179446
617	0.0308813639
618	0.0328844264
619	0.0309428181
620	0.0305326972
621	0.0366340205
622	0.0379443690
623	0.0399392582
624	0.0498530939
625	0.0511116758
626	0.0457138158
627	0.0526448525
628	0.0470144302
629	0.0479706973
630	0.0596742667
631	0.0339479968
632	0.0298728961
633	0.0400060825
634	0.0392693914
635	0.0253835320
636	0.0258152261
637	0.0245430209
638	0.0259646587
639	0.0246731993
640	0.0255085509
641	0.0312616974
642	0.0324134901
643	0.0307451151
644	0.0283314437
645	0.0254654177
646	0.0230750497
647	0.0241688732
648	0.0237992425
649	0.0201615337
650	0.0214656740
651	0.0203159116
652	0.0186993405
653	0.0186665859
654	0.0193946213
655	0.0226089004
656	0.0265940055
657	0.0263931360
658	0.0284558218
659	0.0278482530
660	0.0195267424
661	0.0158721898
662	0.0156188551
663	0.0164164584
664	0.0176916365
665	0.0162588786
666	0.0124745965
667	0.0150622111
668	0.0171683654
669	0.0125118690
670	0.0135177374
671	0.0145979021
672	0.0135238422
673	0.0123347742
674	0.0117205838
675	0.0119323051
676	0.0126599874
677	0.0158179626
678	0.0149291493
679	0.0154341916
680	0.0184504595
681	0.0182317495
682	0.0167488195
683	0.0182671156
684	0.0145181734
685	0.0162508264
686	0.0129897753
687	0.0175355785
688	0.0194579922
689	0.0141512537
690	0.0141315088
691	0.0143571505
692	0.0116349570
693	0.0132212369
694	0.0187866092
695	0.0147656994
696	0.0125187254
697	0.0141896149
698	0.0117508247
699	0.0122792078
700	0.0108419545
701	0.0090099573
702	0.0091268383
703	0.0062794778
704	0.0069743032
705	0.0062184837
706	0.0070581697
707	0.0076805972
708	0.0076670195
709	0.0079678297
710	0.0086239437
711	0.0088405330
712	0.0084517067
713	0.0099467579
714	0.0129998494
715	0.0154689671
716	0.0165573824
717	0.0172842070
718	0.0215158798
719	0.0231589414
720	0.0206495952
721	0.0239868220
722	0.0265496355
723	0.0290082060
724	0.0269527957
725	0.0248960238
726	0.0275454149
727	0.0278079044
728	0.0289855413
729	0.0252641719
730	0.0219755620
731	0.0222333148
732	0.0231043044
733	0.0284614600
734	0.0401881598
735	0.0307373498
736	0.0296654329
737	0.0362802222
738	0.0295963716
739	0.0270881895
740	0.0256368387
741	0.0242788028
742	0.0237461347
743	0.0181139167
744	0.0183914360
745	0.0179623254
746	0.0147493994
747	0.0151497219
748	0.0157663412
749	0.0198511295
750	0.0185693484
751	0.0219352599
752	0.0198523812
753	0.0173366219
754	0.0196058527
755	0.0239233114
756	0.0251344554
757	0.0276760925
758	0.0273464918
759	0.0285850856
760	0.0271281507
761	0.0246679746
762	0.0314493030
763	0.0328971818
764	0.0307882801
765	0.0253495444
766	0.0254630093
767	0.0265871994
768	0.0267134439
769	0.0341442637
770	0.0330466330
771	0.0278981719
772	0.0284918603
773	0.0286886692
774	0.0292908438
775	0.0351556949
776	0.0384176224
777	0.0505460836
778	0.0479132123
779	0.0466579981
780	0.0414829701
781	0.0392325260
782	0.0471275821
783	0.0545981117
784	0.0576452278
785	0.0561944060
786	0.0594208315
787	0.0545230396
788	0.0491602086
789	0.0450353324
790	0.0492900498
791	0.0482327119
792	0.0429478809
793	0.0512574799
794	0.0509301350
795	0.0608116239
796	0.0644795224
797	0.0533931032
798	0.0493818410
799	0.0502012633
800	0.0441617556
801	0.0397861488
802	0.0467966236
803	0.0384204425
804	0.0440464728
805	0.0550009273
806	0.0579103045
807	0.0718383938
808	0.0767673180
809	0.0677676126
810	0.0571527481
811	0.0584110133
812	0.0506182909
813	0.0472940840
814	0.0495600812
815	0.0636694059
816	0.0704376772
817	0.0677079260
818	0.0761541426
819	0.0825136229
820	0.0645083860
821	0.0543863513
822	0.0430636369
823	0.0362781025
824	0.0346536152
825	0.0366663300
826	0.0413922146
827	0.0452666357
828	0.0537748039
829	0.0579564422
830	0.0591442659
831	0.0521724857
832	0.0505627915
833	0.0545985401
834	0.0502882339
835	0.0464616418
836	0.0441550687
837	0.0583651736
838	0.0668990090
839	0.0657226816
840	0.0712225437
841	0.1057196185
842	0.1025997549
843	0.0992528349
844	0.0817497894
845	0.0738639906
846	0.0636051372
847	0.0485062338
848	0.0384904481
849	0.0348333418
850	0.0287639182
851	0.0298917200
852	0.0279823933
853	0.0286136996
854	0.0252447203
855	0.0256394986
856	0.0259908233
857	0.0289481841
858	0.0269670039
859	0.0284629986
860	0.0263562910
861	0.0263540447
862	0.0222038385
863	0.0220981259
864	0.0214659460
865	0.0255303327
866	0.0235591568
867	0.0230482761
868	0.0230281893
869	0.0244576242
870	0.0223863572
871	0.0244327411
872	0.0280792173
873	0.0239262804
874	0.0233004112
875	0.0247784313
876	0.0212671254
877	0.0267678779
878	0.0288272277
879	0.0306741372
880	0.0343062319
881	0.0416611247
882	0.0332855359
883	0.0296491645
884	0.0295066573
885	0.0295676067
886	0.0291635003
887	0.0280276667
888	0.0235638507
889	0.0298168790
890	0.0319032595
891	0.0327767134
892	0.0271309894
893	0.0280132201
894	0.0278216992
895	0.0305166431
896	0.0350900292
897	0.0383499414
898	0.0267922338
899	0.0282215364
900	0.0293960609
901	0.0342159681
902	0.0352992453
903	0.0358554982
904	0.0351958647
905	0.0317969434
906	0.0300612766
907	0.0354382843
908	0.0330263190
909	0.0361039974
910	0.0390405469
911	0.0350494608
912	0.0344335511
913	0.0337692760
914	0.0306965429
915	0.0340798870
916	0.0354024880
917	0.0291054714
918	0.0293958019
919	0.0287471712
920	0.0293564629
921	0.0304771177
922	0.0323321335
923	0.0330742709
924	0.0313505903
925	0.0322014466
926	0.0331579447
927	0.0371653102
928	0.0365833379
929	0.0343819521
930	0.0349457934
931	0.0336990319
932	0.0299512483
933	0.0294856690
934	0.0292057898
935	0.0334083289
936	0.0312841795
937	0.0315241702
938	0.0313464701
939	0.0305375885
940	0.0281049106
941	0.0296049565
942	0.0246278606
943	0.0235947184
944	0.0222761277
945	0.0223900136
946	0.0237035360
947	0.0212597158
948	0.0197943784
949	0.0227974039
950	0.0199121758
951	0.0227000751
952	0.0259807464
953	0.0204868503
954	0.0226603746
955	0.0280087069
956	0.0214174148
957	0.0270098019
958	0.0291927364
959	0.0320671983
960	0.0313130170
961	0.0287801046
962	0.0270587131
963	0.0267252419
964	0.0228346623
965	0.0244110916
966	0.0246235970
967	0.0230320320
968	0.0233042929
969	0.0261849761
970	0.0224684831
971	0.0251781847
972	0.0236566588
973	0.0242828596
974	0.0224277042
975	0.0208839439
976	0.0197151992
977	0.0213647801
978	0.0251315515
979	0.0248583332
980	0.0223494824
981	0.0250083189
982	0.0254534204
983	0.0267878696
984	0.0261493158
985	0.0254135523
986	0.0287524946
987	0.0314353555
988	0.0288263541
989	0.0317246094
990	0.0366258360
991	0.0368062630
992	0.0411241464
993	0.0481113978
994	0.0408189632
995	0.0478727631
996	0.0487701818
997	0.0501581468
998	0.0489987172
999	0.0502015464
1000	0.0535820685
1001	0.0560935959
1002	0.0468206666
1003	0.0518772528
1004	0.0419194475
1005	0.0475188829
1006	0.0505897664
1007	0.0439163782
1008	0.0521222278
1009	0.0479109101
1010	0.0514154807
1011	0.0621005446
1012	0.0633103028
1013	0.0705979019
1014	0.0579297654
1015	0.0609761290
1016	0.0662386268
1017	0.0584827699
1018	0.0528356768
1019	0.0588303283
1020	0.0517076626
1021	0.0406275541
1022	0.0417325050
1023	0.0438697077
1024	0.0495144241
1025	0.0453927033
1026	0.0364551172
1027	0.0362485051
1028	0.0377165861
1029	0.0358694866
1030	0.0417951345
1031	0.0404980518
1032	0.0368881337
1033	0.0357548743
1034	0.0321019888
1035	0.0267226435
1036	0.0259467140
1037	0.0238654315
1038	0.0221083276
1039	0.0211177692
1040	0.0241201613
1041	0.0216816477
1042	0.0191468522
1043	0.0208591353
1044	0.0217613485
1045	0.0200036447
1046	0.0212208498
1047	0.0186753944
1048	0.0137774786
1049	0.0145680970
1050	0.0152426558
1051	0.0131479409
1052	0.0144272884
1053	0.0165490434
1054	0.0151683241
1055	0.0160411019
1056	0.0164000597
1057	0.0167064592
1058	0.0193541162
1059	0.0194873512
1060	0.0175346509
1061	0.0165090095
1062	0.0212088656
1063	0.0219621193
1064	0.0196785554
1065	0.0198966414
1066	0.0234791208
1067	0.0208491981
1068	0.0225213915
1069	0.0234550964
1070	0.0224704668
1071	0.0252795126
1072	0.0215418469
1073	0.0294343885
1074	0.0258121174
1075	0.0256239716
1076	0.0235953219
1077	0.0255252086
1078	0.0301733557
1079	0.0343111008
1080	0.0370722897
1081	0.0284979008
1082	0.0224949401
1083	0.0249802694
1084	0.0218357034
1085	0.0168449283
1086	0.0211512391
1087	0.0210759379
1088	0.0209619291
1089	0.0180327352
1090	0.0185120758
1091	0.0222251024
1092	0.0182816163
1093	0.0176952556
1094	0.0197968893
1095	0.0142461127
1096	0.0140789775
1097	0.0145223131
1098	0.0130385533
1099	0.0146047175
1100	0.0172607061
1101	0.0155743100
1102	0.0167308021
1103	0.0196592398
1104	0.0166694000
1105	0.0181536134
1106	0.0176231917
1107	0.0205583982
1108	0.0217212941
1109	0.0227980707
1110	0.0233849306
1111	0.0273175575
1112	0.0252413712
1113	0.0227289256
1114	0.0196790770
1115	0.0210232288
1116	0.0213320404
1117	0.0273572188
1118	0.0285190027
1119	0.0247912984
1120	0.0228531417
1121	0.0196033511
1122	0.0167502593
1123	0.0178295095
1124	0.0204325523
1125	0.0160563085
1126	0.0179544613
1127	0.0192277543
1128	0.0171125457
1129	0.0180610139
1130	0.0192136932
1131	0.0198842194
1132	0.0185945369
1133	0.0188833140
1134	0.0179172251
1135	0.0200459380
1136	0.0205484349
1137	0.0161452144
1138	0.0173507426
1139	0.0215322599
1140	0.0196481328
1141	0.0171357933
1142	0.0192800350
1143	0.0192728341
1144	0.0173761286
1145	0.0196432732
1146	0.0194249507
1147	0.0187809430
1148	0.0188236553
1149	0.0230717063
1150	0.0228469409
1151	0.0207931586
1152	0.0206170715
1153	0.0230622236
1154	0.0255054329
1155	0.0295130424
1156	0.0250580199
1157	0.0256647188
1158	0.0269281548
1159	0.0312706903
1160	0.0382728279
1161	0.0407406501
1162	0.0427296534
1163	0.0475040749
1164	0.0506951399
1165	0.0510818809
1166	0.0512328260
1167	0.0601568110
1168	0.0685821995
1169	0.0760503411
1170	0.0685005933
1171	0.0671271756
1172	0.0754659921
1173	0.0701226294
1174	0.0773208737
1175	0.0807873607
1176	0.0801253319
1177	0.0971075296
1178	0.0832834169
1179	0.0669014156
1180	0.0705600977
1181	0.0805946216
1182	0.0551766157
1183	0.0384179465
1184	0.0479338840
1185	0.0448667556
1186	0.0465302095
1187	0.0377385765
1188	0.0412100032
1189	0.0383134261
1190	0.0310167298
1191	0.0331308208
1192	0.0309985597
1193	0.0256258436
1194	0.0250580180
1195	0.0227294452
1196	0.0247947089
1197	0.0249811299
1198	0.0266840849
1199	0.0239024237
1200	0.0219708253
1201	0.0229796264
1202	0.0209662635
1203	0.0353317931
1204	0.0355493017
1205	0.0375248976
1206	0.0248662587
1207	0.0212396979
1208	0.0241053551
1209	0.0239511617
1210	0.0207279716
1211	0.0195882823
1212	0.0183003377
1213	0.0205134917
1214	0.0219339654
1215	0.0190599002
1216	0.0172753613
1217	0.0188884698
1218	0.0176082235
1219	0.0179428123
1220	0.0195982233
1221	0.0176600385
1222	0.0202965848
1223	0.0215751193
1224	0.0178108606
1225	0.0159925185
1226	0.0162989125
1227	0.0173516665
1228	0.0172025915
1229	0.0167863611
1230	0.0169265997
1231	0.0196756050
1232	0.0198899116
1233	0.0202084519
1234	0.0197744202
1235	0.0204725228
1236	0.0228379648
1237	0.0231051426
1238	0.0209442340
1239	0.0260195397
1240	0.0267467219
1241	0.0302737933
1242	0.0347342007
1243	0.0315854214
1244	0.0313721187
1245	0.0400817096
1246	0.0334688351
1247	0.0330368727
1248	0.0309601910
1249	0.0313967541
1250	0.0338803530
1251	0.0360218883
1252	0.0317723192
1253	0.0334625654
1254	0.0484357961
1255	0.0466965735
1256	0.0382000916
1257	0.0385805815
1258	0.0380805768
1259	0.0366397649
1260	0.0335732028
1261	0.0405648053
1262	0.0310163163
1263	0.0277110133
1264	0.0273607522
1265	0.0322375074
1266	0.0307078678
1267	0.0244743116
1268	0.0228033848
1269	0.0282956697
1270	0.0235577170
1271	0.0200932492
1272	0.0224914942
1273	0.0234873816
1274	0.0253117159
1275	0.0249806140
1276	0.0227600206
1277	0.0225967206
1278	0.0226274393
1279	0.0239259414
1280	0.0259430204
1281	0.0287651271
1282	0.0268247668
1283	0.0192705467
1284	0.0254690312
1285	0.0263163038
1286	0.0254513435
1287	0.0243448075
1288	0.0238968320
1289	0.0187963806
1290	0.0204529408
1291	0.0232791472
1292	0.0211568214
1293	0.0240517203
1294	0.0259193871
1295	0.0243441872
1296	0.0252768043
1297	0.0262436550
1298	0.0238407962
1299	0.0261392761
1300	0.0319033191
1301	0.0346315578
1302	0.0259280913
1303	0.0245447308
1304	0.0300034396
1305	0.0324894302
1306	0.0317004472
1307	0.0328917578
1308	0.0314610414
1309	0.0309881903
1310	0.0301807430
1311	0.0323166065
1312	0.0283449534
1313	0.0264569838
1314	0.0332585089
1315	0.0353079215
1316	0.0294354670
1317	0.0263884701
1318	0.0284174867
1319	0.0284348764
1320	0.0300836693
1321	0.0255348757
1322	0.0262774080
1323	0.0274054334
1324	0.0274668485
1325	0.0256056469
1326	0.0273950808
1327	0.0354720838
1328	0.0308778472
1329	0.0326897725
1330	0.0329692140
1331	0.0285152514
1332	0.0285036117
1333	0.0272407886
1334	0.0296122301
1335	0.0255924799
1336	0.0282925311
1337	0.0298961531
1338	0.0350393504
1339	0.0325477496
1340	0.0243456382
1341	0.0320348665
1342	0.0386425368
1343	0.0288757887
1344	0.0268060938
1345	0.0348677523
1346	0.0354325250
1347	0.0264692288
1348	0.0231417324
1349	0.0286697969
1350	0.0334739015
1351	0.0290600769
1352	0.0271699261
1353	0.0254363641
1354	0.0251150057
1355	0.0236848146
1356	0.0181537624
1357	0.0201799106
1358	0.0228268821
1359	0.0218705740
1360	0.0225010477
1361	0.0183087662
1362	0.0174056813
1363	0.0187887587
1364	0.0217237752
1365	0.0189679805
1366	0.0176036805
1367	0.0173666123
1368	0.0180716179
1369	0.0175832324
1370	0.0200219676
1371	0.0186547432
1372	0.0116942534
1373	0.0134570440
1374	0.0151987271
1375	0.0158619452
1376	0.0140959565
1377	0.0149368355
1378	0.0137294047
1379	0.0135369422
1380	0.0146863135
1381	0.0182539988
1382	0.0147858746
1383	0.0193464011
1384	0.0201368220
1385	0.0171004515
1386	0.0170543045
1387	0.0179119073
1388	0.0159442350
1389	0.0135278590
1390	0.0158636048
1391	0.0175854862
1392	0.0124131190
1393	0.0148292016
1394	0.0161437150
1395	0.0157402493
1396	0.0156474803
1397	0.0162454657
1398	0.0138961254
1399	0.0123295095
1400	0.0130699072
1401	0.0136558004
1402	0.0152597893
1403	0.0140804881
1404	0.0121417614
1405	0.0159969777
1406	0.0188734755
1407	0.0170585047
1408	0.0155936554
1409	0.0146736959
1410	0.0175404549
1411	0.0212967955
1412	0.0196688622
1413	0.0178274121
1414	0.0161039140
1415	0.0179603323
1416	0.0183772333
1417	0.0209558904
1418	0.0179374982
1419	0.0193649177
1420	0.0227950830
1421	0.0173270013
1422	0.0174910072
1423	0.0169620626
1424	0.0161990374
1425	0.0145086804
1426	0.0148105677
1427	0.0176864620
1428	0.0171662606
1429	0.0176997278
1430	0.0187194254
1431	0.0150419744
1432	0.0166421644
1433	0.0181479305
1434	0.0225084238
1435	0.0174143910
1436	0.0151344193
1437	0.0156276021
1438	0.0195938759
1439	0.0239367057
1440	0.0199230351
1441	0.0156429764
1442	0.0136212399
1443	0.0137538500
1444	0.0158370398
1445	0.0155291818
1446	0.0140509671
1447	0.0123944972
1448	0.0127558438
1449	0.0146948779
1450	0.0168299749
1451	0.0123893917
1452	0.0131029328
1453	0.0149321994
1454	0.0166576579
1455	0.0134316487
1456	0.0128202317
1457	0.0119900675
1458	0.0120585449
1459	0.0131840482
1460	0.0136387972
1461	0.0139378570
1462	0.0135528957
1463	0.0119682178
1464	0.0110685676
1465	0.0122264279
1466	0.0140495021
1467	0.0138845854
1468	0.0116498359
1469	0.0141392276
1470	0.0129315788
1471	0.0159823149
1472	0.0168147888
1473	0.0149956765
1474	0.0189383365
1475	0.0141101265
1476	0.0149872852
1477	0.0151478471
1478	0.0139563484
1479	0.0151978955
1480	0.0155106103
1481	0.0149653852
1482	0.0164421387
1483	0.0199444406
1484	0.0206515547
1485	0.0203007106
1486	0.0235679876
1487	0.0196463913
1488	0.0187340174
1489	0.0219818298
1490	0.0222111493
1491	0.0230230689
1492	0.0218848959
1493	0.0210953262
1494	0.0217875857
1495	0.0233425833
1496	0.0241366252
1497	0.0230317079
1498	0.0213509351
1499	0.0205346681
1500	0.0209285300
1501	0.0206021331
1502	0.0199026074
1503	0.0180854537
1504	0.0189605616
1505	0.0192341525
1506	0.0236433391
1507	0.0286168978
1508	0.0251825359
1509	0.0218151379
1510	0.0238063950
1511	0.0223271269
1512	0.0237329360
1513	0.0236826763
1514	0.0209223945
1515	0.0270051789
1516	0.0216700695
1517	0.0242461991
1518	0.0183385890
1519	0.0146536278
1520	0.0165124722
1521	0.0182896275
1522	0.0194356646
1523	0.0195966382
1524	0.0181588661
1525	0.0162325855
1526	0.0142056299
1527	0.0115066888
1528	0.0115565006
1529	0.0126940012
1530	0.0122276423
1531	0.0129460990
1532	0.0106846001
1533	0.0110981585
1534	0.0108908983
1535	0.0115227308
1536	0.0112123974
1537	0.0128527749
1538	0.0110362470
1539	0.0106601175
1540	0.0096344417
1541	0.0077021252
1542	0.0074904617
1543	0.0095175803
1544	0.0085739456
1545	0.0081014270
1546	0.0071835825
1547	0.0070238877
1548	0.0082946466
1549	0.0070515205
1550	0.0074001234
1551	0.0078323809
1552	0.0070733558
1553	0.0061287796
1554	0.0066920547
1555	0.0069317538
1556	0.0061409655
1557	0.0064148833
1558	0.0061489996
1559	0.0059499191
1560	0.0065080333
1561	0.0071452213
1562	0.0062199556
1563	0.0064157806
1564	0.0061909351
1565	0.0062379367
1566	0.0062987437
1567	0.0064485413
1568	0.0067888563
1569	0.0070983549
1570	0.0066317306
1571	0.0057762191
1572	0.0063121310
1573	0.0074922573
1574	0.0087837083
1575	0.0069994456
1576	0.0070158723
1577	0.0082562519
1578	0.0088696927
1579	0.0088629238
1580	0.0087813679
1581	0.0108039640
1582	0.0132671865
1583	0.0098715909
1584	0.0099275112
1585	0.0099791028
1586	0.0136935748
1587	0.0130771073
1588	0.0122077810
1589	0.0108623551
1590	0.0138232773
1591	0.0126720136
1592	0.0116545539
1593	0.0121037643
1594	0.0150520829
1595	0.0133634880
1596	0.0128840171
1597	0.0133790541
1598	0.0149432831
1599	0.0133873085
1600	0.0163166616
1601	0.0147771928
1602	0.0127446633
1603	0.0145972213
1604	0.0182690881
1605	0.0168364048
1606	0.0135808410
1607	0.0158576444
1608	0.0183658954
1609	0.0170841180
1610	0.0187805276
1611	0.0199076012
1612	0.0161665790
1613	0.0173132066
1614	0.0168534387
1615	0.0163128376
1616	0.0169104151
1617	0.0181570165
1618	0.0165728498
1619	0.0162469447
1620	0.0212043207
1621	0.0191439223
1622	0.0219062585
1623	0.0249332804
1624	0.0252126846
1625	0.0212347656
1626	0.0213327631
1627	0.0180631466
1628	0.0173644125
1629	0.0181056745
1630	0.0189695582
1631	0.0169543512
1632	0.0160482004
1633	0.0176162999
1634	0.0155668529
1635	0.0170149263
1636	0.0174006354
1637	0.0147271967
1638	0.0156080863
1639	0.0188260768
1640	0.0157417879
1641	0.0158887636
1642	0.0160352159
1643	0.0135711366
1644	0.0122058745
1645	0.0126530547
1646	0.0140670594
1647	0.0164909437
1648	0.0174189880
1649	0.0172865745
1650	0.0166127570
1651	0.0155993104
1652	0.0134286853
1653	0.0156457350
1654	0.0173585508
1655	0.0161863919
1656	0.0161229894
1657	0.0181106180
1658	0.0176605601
1659	0.0128173223
1660	0.0155975660
1661	0.0195174757
1662	0.0167252384
1663	0.0121747637
1664	0.0121935001
1665	0.0125030493
1666	0.0109787788
1667	0.0104493164
1668	0.0097457338
1669	0.0084416401
1670	0.0091367876
1671	0.0099182120
1672	0.0098512936
1673	0.0090138773
1674	0.0099083651
1675	0.0097127594
1676	0.0087057743
1677	0.0093168085
1678	0.0085344007
1679	0.0096851671
1680	0.0097377459
1681	0.0079307407
1682	0.0079901991
1683	0.0081732580
1684	0.0073593562
1685	0.0090027545
1686	0.0102566462
1687	0.0081807021
1688	0.0086132679
1689	0.0084238797
1690	0.0090217609
1691	0.0081937630
1692	0.0087325042
1693	0.0081530390
1694	0.0089835608
1695	0.0090032900
1696	0.0090266708
1697	0.0093279071
1698	0.0095646372
1699	0.0101468135
1700	0.0102039445
1701	0.0101434300
1702	0.0082150688
1703	0.0102203544
1704	0.0122976853
1705	0.0111287683
1706	0.0110119255
1707	0.0113038206
1708	0.0102752801
1709	0.0117046516
1710	0.0128835570
1711	0.0127928192
1712	0.0124056917
1713	0.0135993753
1714	0.0144796493
1715	0.0124689480
1716	0.0123608671
1717	0.0125955036
1718	0.0126663111
1719	0.0135094449
1720	0.0130479224
1721	0.0125658121
1722	0.0141162258
1723	0.0141068203
1724	0.0144405430
1725	0.0150361406
1726	0.0132942181
1727	0.0131995007
1728	0.0127725927
1729	0.0125405369
1730	0.0145889521
1731	0.0158777218
1732	0.0163828749
1733	0.0155701172
1734	0.0138697838
1735	0.0137202758
1736	0.0131104598
1737	0.0128960432
1738	0.0137113286
1739	0.0162852015
1740	0.0160788000
1741	0.0153525211
1742	0.0129803829
1743	0.0137082944
1744	0.0162124410
1745	0.0145839062
1746	0.0137503790
1747	0.0124317650
1748	0.0135072721
1749	0.0130081195
1750	0.0129812295
1751	0.0149956727
1752	0.0162401162
1753	0.0127637386
1754	0.0123875486
1755	0.0115042217
1756	0.0116589395
1757	0.0120011130
1758	0.0133593492
1759	0.0136470329
1760	0.0110508334
1761	0.0110468678
1762	0.0118213259
1763	0.0101195388
1764	0.0091507500
1765	0.0103135137
1766	0.0097450735
1767	0.0095897727
1768	0.0092416564
1769	0.0106074661
1770	0.0112853935
1771	0.0100880302
1772	0.0101585789
1773	0.0116413590
1774	0.0119728399
1775	0.0121613555
1776	0.0113162138
1777	0.0115696117
1778	0.0112841390
1779	0.0120001072
1780	0.0130356466
1781	0.0141696492
1782	0.0124960626
1783	0.0132794352
1784	0.0131978849
1785	0.0104543986
1786	0.0115839168
1787	0.0133158760
1788	0.0150464904
1789	0.0163289215
1790	0.0120765688
1791	0.0159768611
1792	0.0169532597
1793	0.0143521726
1794	0.0159886945
1795	0.0153384283
1796	0.0139909722
1797	0.0145532591
1798	0.0166385490
1799	0.0166318193
1800	0.0142212920
1801	0.0133072119
1802	0.0131184077
1803	0.0174226575
1804	0.0138416607
1805	0.0130533986
1806	0.0131083084
1807	0.0137764169
1808	0.0153812803
1809	0.0140292570
1810	0.0127555709
1811	0.0133865364
1812	0.0136191733
1813	0.0139638828
1814	0.0135299172
1815	0.0144857224
1816	0.0120372353
1817	0.0120317703
1818	0.0126474667
1819	0.0155374622
1820	0.0147832232
1821	0.0144078089
1822	0.0175971929
1823	0.0160003398
1824	0.0147202043
1825	0.0144917499
1826	0.0172422994
1827	0.0163425207
1828	0.0165593419
1829	0.0170208216
1830	0.0163346082
1831	0.0160762258
1832	0.0173473880
1833	0.0193180870
1834	0.0166016035
1835	0.0177406054
1836	0.0197241511
1837	0.0220172647
1838	0.0222887527
1839	0.0207891297
1840	0.0172300078
1841	0.0166516397
1842	0.0185803324
1843	0.0201675221
1844	0.0192892924
1845	0.0191583876
1846	0.0173956603
1847	0.0165780466
1848	0.0162244160
1849	0.0164242461
1850	0.0164401829
1851	0.0194752142
1852	0.0184989348
1853	0.0150561677
1854	0.0142921908
1855	0.0136258062
1856	0.0133044915
1857	0.0138511974
1858	0.0138075026
1859	0.0111532900
1860	0.0092290826
1861	0.0119623141
1862	0.0141541557
1863	0.0134002594
1864	0.0124172149
1865	0.0123417210
1866	0.0112809651
1867	0.0110097378
1868	0.0126893148
1869	0.0113095241
1870	0.0094547262
1871	0.0093155587
1872	0.0093156388
1873	0.0114579108
1874	0.0116650788
1875	0.0093480023
1876	0.0107036075
1877	0.0100819301
1878	0.0128948931
1879	0.0132540194
1880	0.0114692831
1881	0.0126113752
1882	0.0108161783
1883	0.0107283592
1884	0.0132488394
1885	0.0105873048
1886	0.0105094276
1887	0.0120859565
1888	0.0131665859
1889	0.0112396702
1890	0.0117803374
1891	0.0136315264
1892	0.0144168865
1893	0.0136310793
1894	0.0141212828
1895	0.0123396777
1896	0.0120378835
1897	0.0106979180
1898	0.0092945201
1899	0.0091423336
1900	0.0094821015
1901	0.0103746019
1902	0.0087117320
1903	0.0104290731
1904	0.0111049647
1905	0.0087941960
1906	0.0114228027
1907	0.0100734532
1908	0.0096010882
1909	0.0092301108
1910	0.0098535065
1911	0.0107191727
1912	0.0099552171
1913	0.0094703306
1914	0.0082329875
1915	0.0080378857
1916	0.0091251275
1917	0.0101354970
1918	0.0068584476
1919	0.0064441543
1920	0.0067360573
1921	0.0063726790
1922	0.0069799786
1923	0.0067549562
1924	0.0071532689
1925	0.0068803844
1926	0.0083931871
1927	0.0076241032
1928	0.0075991298
1929	0.0078168185
1930	0.0071606785
1931	0.0084598167
1932	0.0085067758
1933	0.0086163022
1934	0.0082089305
1935	0.0075818291
1936	0.0076437322
1937	0.0093953591
1938	0.0086903200
1939	0.0084395939
1940	0.0085783098
1941	0.0086055519
1942	0.0144113451
1943	0.0147402762
1944	0.0112613803
1945	0.0104823541
1946	0.0118646370
1947	0.0130683118
1948	0.0131914364
1949	0.0111880740
1950	0.0121391546
1951	0.0168543421
1952	0.0149510773
1953	0.0104397954
1954	0.0108456789
1955	0.0125896679
1956	0.0106985625
1957	0.0090452228
1958	0.0100597516
1959	0.0088164601
1960	0.0085625667
1961	0.0088221226
1962	0.0104254521
1963	0.0113403788
1964	0.0093019241
1965	0.0091250576
1966	0.0110396426
1967	0.0128266970
1968	0.0093593467
1969	0.0093233529
1970	0.0113772051
1971	0.0081139235
1972	0.0088707302
1973	0.0099751139
1974	0.0097872252
1975	0.0099371290
1976	0.0088273892
1977	0.0085947178
1978	0.0096385768
1979	0.0091496212
1980	0.0096459240
1981	0.0117445486
1982	0.0107118022
1983	0.0106282560
1984	0.0093741268
1985	0.0094574150
1986	0.0099379336
1987	0.0105124237
1988	0.0089206174
1989	0.0082235783
1990	0.0090786042
1991	0.0094341477
1992	0.0106654363
1993	0.0104250973
1994	0.0086787632
1995	0.0086633256
1996	0.0095929438
1997	0.0117708202
1998	0.0099082841
1999	0.0084034298
2000	0.0085069966
