5	0.0002492721
6	0.0003325140
7	0.0003546058
8	0.0004755300
9	0.0010663167
10	0.0044243690
11	0.0128312306
12	0.0102895107
13	0.0043035378
14	0.0060537565
15	0.0081306482
16	0.0051785982
17	0.0028614693
18	0.0017467916
19	0.0014056094
20	0.0009012716
21	0.0005582900
22	0.0004683796
23	0.0005046146
24	0.0004899570
25	0.0004668007
26	0.0003849343
27	0.0002965612
28	0.0002008153
29	0.0002121141
30	0.0002586537
31	0.0002514663
32	0.0002069975
33	0.0001605422
34	0.0001375815
35	0.0001361030
36	0.0001446346
37	0.0001559045
38	0.0001758732
39	0.0001876162
40	0.0001901373
41	0.0002397149
42	0.0002723094
43	0.0002404672
44	0.0003573298
45	0.0004171252
46	0.0003442842
47	0.0003444549
48	0.0003396563
49	0.0003206836
50	0.0002963567
51	0.0002722246
52	0.0002435263
53	0.0002031833
54	0.0002236824
55	0.0002566618
56	0.0002252860
57	0.0002355401
58	0.0002257515
59	0.0002335827
60	0.0002608561
61	0.0002805020
62	0.0003039911
63	0.0002947662
64	0.0003416956
65	0.0004037241
66	0.0004450486
67	0.0004040596
68	0.0004470834
69	0.0004986303
70	0.0005846873
71	0.0004833495
72	0.0005208161
73	0.0005526106
74	0.0005300195
75	0.0005354447
76	0.0005941659
77	0.0005789496
78	0.0006432383
79	0.0006808718
80	0.0005235939
81	0.0004362385
82	0.0004775084
83	0.0006466282
84	0.0006411862
85	0.0004918991
86	0.0004410213
87	0.0003991867
88	0.0003437081
89	0.0002209777
90	0.0001658722
91	0.0001404030
92	0.0001756171
93	0.0001731277
94	0.0001920012
95	0.0002206538
96	0.0002514560
97	0.0002313096
98	0.0002878522
99	0.0004005339
100	0.0003938989
101	0.0005817543
102	0.0006685354
103	0.0009285010
104	0.0013421056
105	0.0015806478
106	0.0021969590
107	0.0030349861
108	0.0036968300
109	0.0041683251
110	0.0054288488
111	0.0057285228
112	0.0041054138
113	0.0046119499
114	0.0055271885
115	0.0060735419
116	0.0049993587
117	0.0057442938
118	0.0057067936
119	0.0061898176
120	0.0066274200
121	0.0071543097
122	0.0068449951
123	0.0064592310
124	0.0070565492
125	0.0066962405
126	0.0077010640
127	0.0074486821
128	0.0071741794
129	0.0077158730
130	0.0080800829
131	0.0084490133
132	0.0085893795
133	0.0090514272
134	0.0088447295
135	0.0071054460
136	0.0088406112
137	0.0075383876
138	0.0057192571
139	0.0051986640
140	0.0051054875
141	0.0054653473
142	0.0048777657
143	0.0043049497
144	0.0044571785
145	0.0041857907
146	0.0034981456
147	0.0036581596
148	0.0037654748
149	0.0035768966
150	0.0032417090
151	0.0035220936
152	0.0035391045
153	0.0036652302
154	0.0037076313
155	0.0035794959
156	0.0034369580
157	0.0028764547
158	0.0030946946
159	0.0028125143
160	0.0022797789
161	0.0022288931
162	0.0022976240
163	0.0020061140
164	0.0015671329
165	0.0011455079
166	0.0011095541
167	0.0010326775
168	0.0009663875
169	0.0007141499
170	0.0007214461
171	0.0014703908
172	0.0019505903
173	0.0015278888
174	0.0015827059
175	0.0009794352
176	0.0008112793
177	0.0006945211
178	0.0005902820
179	0.0006112045
180	0.0005140586
181	0.0004611317
182	0.0003745029
183	0.0005688819
184	0.0043561943
185	0.0117911538
186	0.0071753822
187	0.0021357976
188	0.0007521399
189	0.0004404897
190	0.0003738718
191	0.0003235659
192	0.0003665522
193	0.0006999969
194	0.0008235393
195	0.0007783779
196	0.0007617577
197	0.0004233297
198	0.0002537045
199	0.0003585927
200	0.0004756920
201	0.0008154652
202	0.0016489768
203	0.0024420051
204	0.0030635754
205	0.0039446154
206	0.0036231542
207	0.0035054558
208	0.0034328736
209	0.0033377048
210	0.0033022063
211	0.0033303185
212	0.0038055789
213	0.0029506672
214	0.0024566532
215	0.0026248065
216	0.0025485936
217	0.0026551974
218	0.0028253845
219	0.0027864059
220	0.0026648829
221	0.0029386559
222	0.0030844875
223	0.0028345347
224	0.0029661444
225	0.0029714813
226	0.0028613261
227	0.0037191906
228	0.0045681684
229	0.0039236196
230	0.0030082637
231	0.0026586181
232	0.0033364715
233	0.0032910726
234	0.0039872127
235	0.0032264735
236	0.0029595487
237	0.0036342212
238	0.0038463131
239	0.0029981572
240	0.0029924363
241	0.0033297790
242	0.0033688750
243	0.0034530167
244	0.0040815203
245	0.0045488980
246	0.0043546800
247	0.0035786878
248	0.0027644408
249	0.0026326347
250	0.0024831798
251	0.0028842385
252	0.0025266015
253	0.0026256200
254	0.0025221813
255	0.0032345639
256	0.0031641219
257	0.0025770217
258	0.0027822210
259	0.0031222203
260	0.0032581524
261	0.0030272042
262	0.0041230815
263	0.0040815426
264	0.0043247133
265	0.0039663957
266	0.0033687011
267	0.0036258332
268	0.0041546593
269	0.0040805754
270	0.0044083712
271	0.0045343959
272	0.0052596168
273	0.0057725376
274	0.0067557357
275	0.0078738229
276	0.0063295038
277	0.0061189984
278	0.0065285014
279	0.0065869079
280	0.0064827628
281	0.0083533796
282	0.0065152557
283	0.0053067990
284	0.0052284864
285	0.0054842350
286	0.0062793922
287	0.0061815651
288	0.0068921065
289	0.0056015751
290	0.0061270418
291	0.0072201942
292	0.0070671546
293	0.0053531728
294	0.0061259377
295	0.0060374145
296	0.0052318885
297	0.0054944237
298	0.0080033671
299	0.0081242518
300	0.0069658449
301	0.0078754388
302	0.0080326404
303	0.0083396845
304	0.0076747583
305	0.0070017450
306	0.0085236458
307	0.0122765005
308	0.0137122078
309	0.0129649742
310	0.0136208804
311	0.0111356825
312	0.0089888247
313	0.0091010528
314	0.0088604596
315	0.0118485093
316	0.0098144636
317	0.0101769669
318	0.0114838285
319	0.0096610375
320	0.0080344705
321	0.0071481508
322	0.0069598909
323	0.0081326440
324	0.0091925738
325	0.0066403751
326	0.0056483876
327	0.0055282260
328	0.0052781273
329	0.0056094485
330	0.0069296430
331	0.0060098991
332	0.0052184556
333	0.0050880229
334	0.0056422949
335	0.0068394220
336	0.0069597205
337	0.0080832569
338	0.0082453322
339	0.0068543749
340	0.0071560610
341	0.0089564035
342	0.0124812461
343	0.0155511908
344	0.0130054494
345	0.0171856638
346	0.0147255743
347	0.0303258039
348	0.0320024863
349	0.0125340242
350	0.0088090710
351	0.0090965815
352	0.0084111858
353	0.0082895337
354	0.0097329346
355	0.0110328160
356	0.0106959725
357	0.0122137442
358	0.0124359997
359	0.0128877368
360	0.0127806794
361	0.0129517484
362	0.0139732864
363	0.0146953380
364	0.0165144205
365	0.0156822540
366	0.0143045932
367	0.0147105474
368	0.0164651796
369	0.0170712825
370	0.0174966343
371	0.0186832789
372	0.0207505431
373	0.0238899961
374	0.0195122305
375	0.0195344090
376	0.0207106285
377	0.0241557714
378	0.0252117477
379	0.0269332118
380	0.0252250340
381	0.0293547232
382	0.0300833881
383	0.0311955847
384	0.0387510471
385	0.0456469469
386	0.0440132581
387	0.0438268930
388	0.0493846983
389	0.0508375950
390	0.0469100773
391	0.0463110358
392	0.0557155199
393	0.0544818901
394	0.0519242212
395	0.0507966727
396	0.0495180450
397	0.0479609407
398	0.0489744172
399	0.0424625240
400	0.0368670337
401	0.0329695828
402	0.0291070659
403	0.0228353217
404	0.0223363396
405	0.0220196508
406	0.0227564108
407	0.0213679019
408	0.0252955649
409	0.0291855298
410	0.0289677344
411	0.0270256288
412	0.0251851510
413	0.0248433407
414	0.0259709973
415	0.0308575295
416	0.0319460146
417	0.0317115784
418	0.0341218933
419	0.0340961181
420	0.0374254361
421	0.0417685360
422	0.0405262150
423	0.0422544219
424	0.0563382991
425	0.0541808493
426	0.0443718582
427	0.0421018489
428	0.0448871590
429	0.0536252335
430	0.0520586073
431	0.0393744148
432	0.0402212180
433	0.0432946831
434	0.0397511348
435	0.0415108576
436	0.0475436859
437	0.0501886643
438	0.0604824573
439	0.0599990338
440	0.0586094595
441	0.0633771718
442	0.0633823797
443	0.0617413111
444	0.0608548820
445	0.0630318001
446	0.0570325442
447	0.0545298420
448	0.0572333150
449	0.0541703403
450	0.0630971119
451	0.0742396042
452	0.0640001595
453	0.0681858882
454	0.0677092075
455	0.0823202357
456	0.0873805061
457	0.0782934651
458	0.0927145109
459	0.0895846635
460	0.0834059566
461	0.0813398883
462	0.0906756222
463	0.1000646353
464	0.1200074106
465	0.1268029809
466	0.1474272162
467	0.1342621893
468	0.1311437637
469	0.1425470859
470	0.1801349372
471	0.1620481312
472	0.1947903037
473	0.2097707391
474	0.2042182833
475	0.1702486128
476	0.1628461480
477	0.1680797637
478	0.1826481223
479	0.1544739902
480	0.1556762755
481	0.1685596853
482	0.1598275751
483	0.1478440315
484	0.1547028422
485	0.1551631093
486	0.1838701963
487	0.1676233113
488	0.1347620636
489	0.1352837533
490	0.1168306246
491	0.1370102465
492	0.1300707608
493	0.1371997446
494	0.1206412539
495	0.1046260074
496	0.1069919169
497	0.1324580461
498	0.1272579134
499	0.1277570426
500	0.1145180240
501	0.0942245722
502	0.0963849574
503	0.1137545779
504	0.1011340544
505	0.0939205065
506	0.0970346108
507	0.0981638432
508	0.1077689454
509	0.1341551095
510	0.1188414469
511	0.0905095860
512	0.1009900495
513	0.0913075879
514	0.1074870527
515	0.0892682523
516	0.1054639816
517	0.1017165482
518	0.1047425643
519	0.0980007425
520	0.0898497254
521	0.0848021954
522	0.0878387690
523	0.0831966326
524	0.0923514217
525	0.0823813900
526	0.0681309626
527	0.0766107291
528	0.0898056477
529	0.1027123779
530	0.0790587217
531	0.0779027343
532	0.0773956552
533	0.0727364272
534	0.0597775728
535	0.0579279214
536	0.0689089298
537	0.0752584636
538	0.0656962469
539	0.0612500869
540	0.0669829473
541	0.0599298552
542	0.0653143004
543	0.0604137331
544	0.0579187796
545	0.0551026240
546	0.0508332476
547	0.0467430204
548	0.0427872986
549	0.0413614847
550	0.0382680260
551	0.0382995456
552	0.0418107994
553	0.0387236364
554	0.0350938924
555	0.0406099893
556	0.0445527993
557	0.0383271798
558	0.0360183865
559	0.0405355319
560	0.0417336151
561	0.0398468040
562	0.0373390131
563	0.0319081284
564	0.0325663947
565	0.0314638652
566	0.0289343186
567	0.0314756483
568	0.0298525300
569	0.0220937449
570	0.0217097737
571	0.0237086490
572	0.0219561439
573	0.0268466007
574	0.0273160748
575	0.0247636102
576	0.0220903587
577	0.0235362127
578	0.0261492394
579	0.0256523080
580	0.0248322263
581	0.0275068227
582	0.0245492104
583	0.0239036325
584	0.0243083984
585	0.0244804602
586	0.0252596308
587	0.0247604698
588	0.0234200377
589	0.0261465292
590	0.0234233923
591	0.0230280235
592	0.0240932275
593	0.0235731341
594	0.0218202081
595	0.0244345758
596	0.0233021956
597	0.0233397875
598	0.0243893154
599	0.0227521993
600	0.0244378783
601	0.0239722915
602	0.0253178291
603	0.0280140210
604	0.0278995633
605	0.0290614944
606	0.0244236011
607	0.0215484984
608	0.0239426736
609	0.0211764220
610	0.0212431662
611	0.0231464915
612	0.0237440150
613	0.0186685137
614	0.0186420586
615	0.0200484283
616	0.0189102087
617	0.0184384696
618	0.0156159801
619	0.0151957963
620	0.0148269972
621	0.0154733323
622	0.0167087708
623	0.0157838445
624	0.0155418869
625	0.0125233391
626	0.0109605817
627	0.0115661751
628	0.0105257751
629	0.0089444378
630	0.0081642233
631	0.0096648326
632	0.0093520870
633	0.0078938743
634	0.0068940283
635	0.0077808863
636	0.0071888063
637	0.0084006190
638	0.0087043019
639	0.0076022758
640	0.0065952740
641	0.0065881643
642	0.0086743319
643	0.0074030766
644	0.0067595523
645	0.0076186759
646	0.0077337166
647	0.0077338126
648	0.0059624594
649	0.0057355263
650	0.0061313147
651	0.0053260620
652	0.0064804922
653	0.0059495238
654	0.0056718816
655	0.0067165974
656	0.0063599967
657	0.0053680181
658	0.0054146289
659	0.0070457943
660	0.0065400209
661	0.0074276743
662	0.0064376811
663	0.0071092895
664	0.0064459406
665	0.0070322603
666	0.0055621164
667	0.0056675971
668	0.0057285000
669	0.0063175824
670	0.0059715514
671	0.0050033405
672	0.0051186038
673	0.0045895758
674	0.0052127247
675	0.0045572286
676	0.0051789074
677	0.0052228225
678	0.0058476334
679	0.0056359936
680	0.0047974177
681	0.0045770407
682	0.0049176090
683	0.0054906602
684	0.0056092939
685	0.0056731277
686	0.0051230630
687	0.0046188310
688	0.0047233794
689	0.0043533286
690	0.0046713124
691	0.0051369867
692	0.0045334031
693	0.0055042347
694	0.0059294901
695	0.0050226757
696	0.0048674690
697	0.0047743237
698	0.0052631353
699	0.0053083063
700	0.0052399356
701	0.0050436337
702	0.0049455157
703	0.0048259790
704	0.0051237987
705	0.0043816678
706	0.0049247155
707	0.0050166557
708	0.0049387491
709	0.0057798163
710	0.0056686280
711	0.0053781657
712	0.0049749925
713	0.0057572615
714	0.0050458056
715	0.0046728826
716	0.0056871856
717	0.0050929878
718	0.0050762417
719	0.0042815399
720	0.0045090644
721	0.0053655673
722	0.0046102968
723	0.0045386879
724	0.0045364476
725	0.0045006895
726	0.0040455186
727	0.0041271723
728	0.0045270692
729	0.0037329136
730	0.0034144209
731	0.0033581732
732	0.0037078916
733	0.0041258396
734	0.0038781429
735	0.0036872332
736	0.0040041674
737	0.0037597530
738	0.0035179348
739	0.0032267177
740	0.0030679151
741	0.0033843995
742	0.0032208543
743	0.0032386202
744	0.0035188464
745	0.0032788783
746	0.0033244654
747	0.0030119275
748	0.0032164536
749	0.0031514654
750	0.0039628516
751	0.0043995166
752	0.0034419871
753	0.0032878348
754	0.0034526568
755	0.0025943944
756	0.0027893540
757	0.0036456168
758	0.0037777359
759	0.0028572655
760	0.0030475128
761	0.0034368099
762	0.0031652576
763	0.0030683118
764	0.0032385332
765	0.0031931559
766	0.0025147903
767	0.0030742884
768	0.0035254932
769	0.0033019143
770	0.0030108909
771	0.0028197328
772	0.0031034572
773	0.0035476880
774	0.0030069547
775	0.0025525729
776	0.0030215546
777	0.0032243554
778	0.0033134187
779	0.0036223505
780	0.0033504416
781	0.0032639874
782	0.0034683768
783	0.0035212522
784	0.0039924718
785	0.0043054405
786	0.0037779200
787	0.0038762407
788	0.0037390576
789	0.0029551773
790	0.0035707743
791	0.0039298730
792	0.0044569368
793	0.0037818295
794	0.0035080966
795	0.0035136901
796	0.0033602326
797	0.0030593495
798	0.0036773654
799	0.0038878876
800	0.0038088528
801	0.0040949676
802	0.0033565687
803	0.0033404368
804	0.0031454209
805	0.0037783463
806	0.0037742795
807	0.0037776534
808	0.0042371019
809	0.0040800185
810	0.0041795722
811	0.0046205963
812	0.0053566042
813	0.0042825025
814	0.0037641104
815	0.0039337757
816	0.0040811147
817	0.0050928183
818	0.0051317397
819	0.0051428769
820	0.0057779653
821	0.0059167882
822	0.0061486070
823	0.0063084178
824	0.0060849357
825	0.0057911021
826	0.0073805479
827	0.0071033374
828	0.0085887304
829	0.0102556888
830	0.0106382715
831	0.0119754393
832	0.0116499262
833	0.0118344948
834	0.0098281940
835	0.0116697233
836	0.0101260608
837	0.0102592064
838	0.0106940074
839	0.0114002787
840	0.0125130452
841	0.0135539528
842	0.0146597130
843	0.0164754894
844	0.0161132179
845	0.0209269319
846	0.0214159600
847	0.0218022671
848	0.0218133740
849	0.0181312766
850	0.0209537614
851	0.0224039070
852	0.0198549256
853	0.0206060614
854	0.0209857170
855	0.0219946913
856	0.0243793596
857	0.0219532549
858	0.0229972899
859	0.0253929645
860	0.0284353495
861	0.0267884694
862	0.0258806851
863	0.0307824966
864	0.0326116793
865	0.0299011804
866	0.0277294293
867	0.0286792275
868	0.0275105312
869	0.0260525048
870	0.0262796022
871	0.0252229739
872	0.0215140395
873	0.0181250740
874	0.0150548285
875	0.0132139642
876	0.0115377111
877	0.0094693275
878	0.0090521453
879	0.0094420547
880	0.0087969322
881	0.0085598975
882	0.0079446472
883	0.0090330150
884	0.0091127940
885	0.0088249790
886	0.0078847976
887	0.0077141798
888	0.0077338624
889	0.0080449199
890	0.0071561458
891	0.0066617089
892	0.0068337172
893	0.0080132261
894	0.0078208009
895	0.0076207588
896	0.0077653839
897	0.0079959873
898	0.0082238708
899	0.0070986389
900	0.0060134623
901	0.0064512822
902	0.0081261545
903	0.0104137557
904	0.0099101169
905	0.0075889002
906	0.0068611843
907	0.0084725488
908	0.0080899214
909	0.0075107254
910	0.0074151838
911	0.0076736407
912	0.0076607852
913	0.0075752260
914	0.0081364755
915	0.0078159412
916	0.0067679565
917	0.0067446455
918	0.0074651306
919	0.0072500850
920	0.0097657563
921	0.0106258551
922	0.0088313250
923	0.0098610166
924	0.0115260137
925	0.0119230803
926	0.0105582792
927	0.0115897171
928	0.0141541753
929	0.0138148339
930	0.0128440056
931	0.0129208034
932	0.0131725036
933	0.0119873229
934	0.0140578039
935	0.0138281528
936	0.0127413562
937	0.0141152423
938	0.0130696166
939	0.0162993558
940	0.0127344029
941	0.0121489437
942	0.0120576676
943	0.0124963755
944	0.0105227986
945	0.0140607385
946	0.0169333164
947	0.0144615686
948	0.0131183900
949	0.0123910327
950	0.0123525262
951	0.0115541909
952	0.0134187378
953	0.0152620701
954	0.0135592399
955	0.0145703936
956	0.0138187660
957	0.0120223369
958	0.0121421944
959	0.0112698888
960	0.0117736785
961	0.0123345908
962	0.0134622138
963	0.0126383100
964	0.0135991946
965	0.0144113237
966	0.0172145963
967	0.0178477131
968	0.0172122438
969	0.0157613792
970	0.0241396055
971	0.0256997067
972	0.0210997574
973	0.0212469772
974	0.0261438303
975	0.0253195651
976	0.0273121558
977	0.0252274498
978	0.0311079528
979	0.0319343284
980	0.0327816792
981	0.0314549506
982	0.0313735940
983	0.0316437520
984	0.0342398547
985	0.0348033533
986	0.0401995257
987	0.0333406478
988	0.0308017805
989	0.0312288739
990	0.0305559970
991	0.0286857430
992	0.0285383537
993	0.0285392758
994	0.0296253152
995	0.0261138063
996	0.0342473611
997	0.0397065170
998	0.0347916484
999	0.0394212678
1000	0.0394921117
1001	0.0389720090
1002	0.0333618931
1003	0.0303585175
1004	0.0329035446
1005	0.0313102491
1006	0.0339632109
1007	0.0328967944
1008	0.0307304058
1009	0.0350615680
1010	0.0278901998
1011	0.0290321782
1012	0.0285728388
1013	0.0299059674
1014	0.0292181205
1015	0.0290795825
1016	0.0271962602
1017	0.0281534046
1018	0.0271784831
1019	0.0268518720
1020	0.0253444649
1021	0.0240725148
1022	0.0241104290
1023	0.0273352787
1024	0.0304415002
1025	0.0324671976
1026	0.0328411013
1027	0.0308208093
1028	0.0330334716
1029	0.0353709608
1030	0.0297554769
1031	0.0289168209
1032	0.0301306695
1033	0.0283513833
1034	0.0362220816
1035	0.0347501859
1036	0.0304116439
1037	0.0409337357
1038	0.0364991836
1039	0.0273483712
1040	0.0252358578
1041	0.0320637301
1042	0.0352365114
1043	0.0403233506
1044	0.0378140733
1045	0.0324355923
1046	0.0376670994
1047	0.0394863635
1048	0.0364872143
1049	0.0364591032
1050	0.0321462639
1051	0.0288493540
1052	0.0297686402
1053	0.0268947203
1054	0.0372379161
1055	0.0422676206
1056	0.0437519364
1057	0.0407876633
1058	0.0332568549
1059	0.0330366045
1060	0.0311154388
1061	0.0381057151
1062	0.0460166745
1063	0.0419728123
1064	0.0400101468
1065	0.0359022319
1066	0.0280759577
1067	0.0296186320
1068	0.0320750959
1069	0.0265386514
1070	0.0277555156
1071	0.0328950919
1072	0.0340533592
1073	0.0272833016
1074	0.0232906528
1075	0.0275823288
1076	0.0274467431
1077	0.0263802446
1078	0.0225211065
1079	0.0211261194
1080	0.0197110865
1081	0.0239438135
1082	0.0191654954
1083	0.0162711199
1084	0.0178335067
1085	0.0208652411
1086	0.0162158962
1087	0.0167711042
1088	0.0164450295
1089	0.0168295912
1090	0.0167353395
1091	0.0190025698
1092	0.0200188514
1093	0.0217751302
1094	0.0225602742
1095	0.0263079759
1096	0.0314150266
1097	0.0296054855
1098	0.0272301864
1099	0.0258890260
1100	0.0323140174
1101	0.0289754439
1102	0.0269424170
1103	0.0363063812
1104	0.0450105816
1105	0.0467328727
1106	0.0464907624
1107	0.0540054180
1108	0.0396531783
1109	0.0480765104
1110	0.0417831726
1111	0.0269060954
1112	0.0311494377
1113	0.0260608643
1114	0.0259254444
1115	0.0257595032
1116	0.0313387588
1117	0.0278022923
1118	0.0311341248
1119	0.0303588882
1120	0.0229072813
1121	0.0210205857
1122	0.0211510397
1123	0.0178702436
1124	0.0227375403
1125	0.0244060401
1126	0.0158838909
1127	0.0176049657
1128	0.0115878824
1129	0.0119020147
1130	0.0126681915
1131	0.0133319795
1132	0.0124702835
1133	0.0150678921
1134	0.0158609394
1135	0.0155020412
1136	0.0139665250
1137	0.0103731956
1138	0.0111838179
1139	0.0109404325
1140	0.0096548768
1141	0.0104895579
1142	0.0109513002
1143	0.0111768134
1144	0.0083492761
1145	0.0084895445
1146	0.0089210263
1147	0.0089998664
1148	0.0091314167
1149	0.0095910328
1150	0.0101498542
1151	0.0083084395
1152	0.0068823658
1153	0.0068525667
1154	0.0072801178
1155	0.0074299234
1156	0.0078387586
1157	0.0069966000
1158	0.0072393739
1159	0.0079242019
1160	0.0073686484
1161	0.0061963010
1162	0.0070142313
1163	0.0068581523
1164	0.0077264654
1165	0.0076486696
1166	0.0082996562
1167	0.0081810458
1168	0.0070807170
1169	0.0080286833
1170	0.0081569869
1171	0.0087339170
1172	0.0076717916
1173	0.0086909337
1174	0.0075226356
1175	0.0091559049
1176	0.0094732549
1177	0.0100884791
1178	0.0101703834
1179	0.0095160510
1180	0.0096715912
1181	0.0080022076
1182	0.0091028623
1183	0.0077299546
1184	0.0075534000
1185	0.0098509416
1186	0.0085153608
1187	0.0092033632
1188	0.0111512663
1189	0.0096614771
1190	0.0082071116
1191	0.0071558724
1192	0.0090817073
1193	0.0093318103
1194	0.0095795402
1195	0.0093486728
1196	0.0091469837
1197	0.0100151785
1198	0.0089156646
1199	0.0071394923
1200	0.0077727996
1201	0.0090257926
1202	0.0090988223
1203	0.0083183683
1204	0.0093382699
1205	0.0116214585
1206	0.0106337331
1207	0.0081408145
1208	0.0076578418
1209	0.0081506697
1210	0.0096511152
1211	0.0085669570
1212	0.0103255920
1213	0.0102708805
1214	0.0083438642
1215	0.0090889866
1216	0.0113343401
1217	0.0084927110
1218	0.0077744066
1219	0.0107167903
1220	0.0093112048
1221	0.0099546229
1222	0.0085938638
1223	0.0106230099
1224	0.0098309852
1225	0.0089698797
1226	0.0118696205
1227	0.0136224292
1228	0.0142117571
1229	0.0144889904
1230	0.0125880977
1231	0.0122378562
1232	0.0154496087
1233	0.0171500277
1234	0.0137567753
1235	0.0142850140
1236	0.0170425978
1237	0.0138359796
1238	0.0148255946
1239	0.0164223481
1240	0.0157714095
1241	0.0173065104
1242	0.0231092386
1243	0.0308240429
1244	0.0288045425
1245	0.0395499319
1246	0.0357018374
1247	0.0303517096
1248	0.0254577491
1249	0.0259064343
1250	0.0242666695
1251	0.0220369231
1252	0.0195805393
1253	0.0178719703
1254	0.0190939121
1255	0.0158782844
1256	0.0173521414
1257	0.0176533088
1258	0.0284101386
1259	0.0308062546
1260	0.0260161161
1261	0.0250112731
1262	0.0278463084
1263	0.0275305044
1264	0.0254845042
1265	0.0239114109
1266	0.0253423583
1267	0.0287777241
1268	0.0298969727
1269	0.0229820758
1270	0.0207527466
1271	0.0236861669
1272	0.0171687510
1273	0.0152685000
1274	0.0148624945
1275	0.0148925558
1276	0.0140345059
1277	0.0109385438
1278	0.0101080453
1279	0.0115696657
1280	0.0121006928
1281	0.0126667274
1282	0.0162631925
1283	0.0114489840
1284	0.0115123233
1285	0.0124241300
1286	0.0118537480
1287	0.0098242406
1288	0.0097706914
1289	0.0083792601
1290	0.0077822395
1291	0.0074062366
1292	0.0061937170
1293	0.0057573705
1294	0.0055733831
1295	0.0058610421
1296	0.0060233753
1297	0.0054848916
1298	0.0058721681
1299	0.0060073896
1300	0.0065910220
1301	0.0067485371
1302	0.0067023803
1303	0.0066989376
1304	0.0060628136
1305	0.0063945632
1306	0.0064373887
1307	0.0063022855
1308	0.0077434285
1309	0.0076736845
1310	0.0063930033
1311	0.0058838571
1312	0.0070132888
1313	0.0079515399
1314	0.0063836151
1315	0.0065342835
1316	0.0071584228
1317	0.0067721023
1318	0.0065118107
1319	0.0075547793
1320	0.0068582701
1321	0.0068635009
1322	0.0069801328
1323	0.0077231289
1324	0.0061878669
1325	0.0065466780
1326	0.0080466373
1327	0.0097497543
1328	0.0095487637
1329	0.0082532614
1330	0.0088981790
1331	0.0078632655
1332	0.0075670984
1333	0.0084311459
1334	0.0071456777
1335	0.0072726146
1336	0.0068774372
1337	0.0078489427
1338	0.0083647538
1339	0.0079110917
1340	0.0076137357
1341	0.0095740305
1342	0.0085229520
1343	0.0072469781
1344	0.0078275334
1345	0.0079438463
1346	0.0072371168
1347	0.0073777833
1348	0.0082324892
1349	0.0068956381
1350	0.0073994896
1351	0.0079649556
1352	0.0056604091
1353	0.0073456960
1354	0.0063296575
1355	0.0058498299
1356	0.0065976079
1357	0.0058324947
1358	0.0062084766
1359	0.0070126681
1360	0.0052390047
1361	0.0051386515
1362	0.0055499296
1363	0.0057313112
1364	0.0060490114
1365	0.0062105344
1366	0.0061341487
1367	0.0054402389
1368	0.0054257098
1369	0.0059337006
1370	0.0052296538
1371	0.0054541719
1372	0.0049484461
1373	0.0049015335
1374	0.0055428375
1375	0.0053599849
1376	0.0058819368
1377	0.0056540123
1378	0.0055555645
1379	0.0050875028
1380	0.0042393040
1381	0.0043885713
1382	0.0052686464
1383	0.0056283902
1384	0.0056005390
1385	0.0060096569
1386	0.0058467248
1387	0.0048282510
1388	0.0047011757
1389	0.0054552425
1390	0.0047003911
1391	0.0054436489
1392	0.0063597853
1393	0.0054133935
1394	0.0048368415
1395	0.0046101315
1396	0.0057551065
1397	0.0051083309
1398	0.0055758492
1399	0.0055372319
1400	0.0051394436
1401	0.0051472103
1402	0.0050999443
1403	0.0045758891
1404	0.0049707117
1405	0.0049357153
1406	0.0048328168
1407	0.0048976257
1408	0.0046142777
1409	0.0055383476
1410	0.0059466581
1411	0.0056927567
1412	0.0058462149
1413	0.0046734316
1414	0.0047504264
1415	0.0046432526
1416	0.0047497964
1417	0.0069523412
1418	0.0063026724
1419	0.0053639198
1420	0.0050133639
1421	0.0055256775
1422	0.0056479764
1423	0.0046138656
1424	0.0046813223
1425	0.0044013960
1426	0.0046089259
1427	0.0045315055
1428	0.0055770064
1429	0.0053059161
1430	0.0046816883
1431	0.0050120121
1432	0.0050046705
1433	0.0046751737
1434	0.0044872407
1435	0.0045988630
1436	0.0059917844
1437	0.0059267371
1438	0.0047196383
1439	0.0042823437
1440	0.0043500853
1441	0.0050842566
1442	0.0045854682
1443	0.0047105332
1444	0.0054099737
1445	0.0056842165
1446	0.0055448660
1447	0.0054442622
1448	0.0061556417
1449	0.0065735490
1450	0.0070147961
1451	0.0054816208
1452	0.0067953882
1453	0.0070266994
1454	0.0069898353
1455	0.0070239506
1456	0.0061641540
1457	0.0056590326
1458	0.0061999387
1459	0.0065200822
1460	0.0062642749
1461	0.0054224753
1462	0.0054541095
1463	0.0058423476
1464	0.0067856903
1465	0.0065263188
1466	0.0065982635
1467	0.0064324881
1468	0.0059425244
1469	0.0075025670
1470	0.0072583905
1471	0.0059242696
1472	0.0056684799
1473	0.0058279606
1474	0.0066963807
1475	0.0076067359
1476	0.0064416640
1477	0.0062701358
1478	0.0058253957
1479	0.0078702457
1480	0.0077443379
1481	0.0081608826
1482	0.0076666865
1483	0.0075550047
1484	0.0071832719
1485	0.0081239073
1486	0.0077616209
1487	0.0081773633
1488	0.0083842902
1489	0.0100473305
1490	0.0100215282
1491	0.0105722938
1492	0.0100121275
1493	0.0102501344
1494	0.0100771347
1495	0.0105659124
1496	0.0128415423
1497	0.0118996603
1498	0.0128907068
1499	0.0123387976
1500	0.0122953337
1501	0.0121627189
1502	0.0116394488
1503	0.0143566672
1504	0.0180494916
1505	0.0214782171
1506	0.0199354682
1507	0.0173415840
1508	0.0174667276
1509	0.0177783184
1510	0.0170133803
1511	0.0209424309
1512	0.0170603301
1513	0.0217322856
1514	0.0225360245
1515	0.0205448940
1516	0.0206050240
1517	0.0243079644
1518	0.0264281984
1519	0.0273504313
1520	0.0258844830
1521	0.0215798169
1522	0.0212161634
1523	0.0251915231
1524	0.0240009185
1525	0.0190947466
1526	0.0190546401
1527	0.0209652688
1528	0.0207952894
1529	0.0217909068
1530	0.0274476800
1531	0.0289365165
1532	0.0346967094
1533	0.0418262854
1534	0.0434825048
1535	0.0423066877
1536	0.0395769998
1537	0.0400563627
1538	0.0344432853
1539	0.0314083025
1540	0.0329445004
1541	0.0364649743
1542	0.0405960977
1543	0.0306846742
1544	0.0235685688
1545	0.0245273449
1546	0.0204740837
1547	0.0175677910
1548	0.0183601398
1549	0.0165175423
1550	0.0123718064
1551	0.0111695109
1552	0.0119968988
1553	0.0123605039
1554	0.0109116510
1555	0.0117160669
1556	0.0116172573
1557	0.0132075613
1558	0.0121294903
1559	0.0112620797
1560	0.0118704718
1561	0.0103690512
1562	0.0117091592
1563	0.0097196391
1564	0.0093059773
1565	0.0117104184
1566	0.0096939281
1567	0.0094157681
1568	0.0087369848
1569	0.0086942427
1570	0.0086315395
1571	0.0090365801
1572	0.0084248902
1573	0.0081200497
1574	0.0080734640
1575	0.0098927896
1576	0.0092919683
1577	0.0101210419
1578	0.0094866939
1579	0.0096468357
1580	0.0108784679
1581	0.0115492167
1582	0.0113249375
1583	0.0089124832
1584	0.0091540348
1585	0.0100783994
1586	0.0084728599
1587	0.0082836365
1588	0.0071014869
1589	0.0086404998
1590	0.0106576877
1591	0.0082050348
1592	0.0063957493
1593	0.0074559725
1594	0.0072855228
1595	0.0080714198
1596	0.0086512929
1597	0.0072644404
1598	0.0073530045
1599	0.0077409069
1600	0.0074299900
1601	0.0071935793
1602	0.0089517701
1603	0.0074545681
1604	0.0071856724
1605	0.0087607447
1606	0.0066716564
1607	0.0064946427
1608	0.0071417824
1609	0.0063755326
1610	0.0065914192
1611	0.0064532873
1612	0.0063583921
1613	0.0063270410
1614	0.0060898256
1615	0.0072344458
1616	0.0055716331
1617	0.0055168592
1618	0.0082178842
1619	0.0078694997
1620	0.0070460695
1621	0.0068386565
1622	0.0062868898
1623	0.0089952834
1624	0.0098535772
1625	0.0066917455
1626	0.0059233550
1627	0.0057618315
1628	0.0075255390
1629	0.0063819424
1630	0.0066704657
1631	0.0081552379
1632	0.0106181772
1633	0.0097598014
1634	0.0082658995
1635	0.0103291329
1636	0.0076558581
1637	0.0073141754
1638	0.0094006807
1639	0.0094053317
1640	0.0073101893
1641	0.0076882583
1642	0.0076774745
1643	0.0075327572
1644	0.0083226115
1645	0.0081815887
1646	0.0078041232
1647	0.0100344429
1648	0.0092596225
1649	0.0098846918
1650	0.0082477145
1651	0.0077914228
1652	0.0075631742
1653	0.0076168864
1654	0.0080792857
1655	0.0085298065
1656	0.0085555846
1657	0.0085569788
1658	0.0088117523
1659	0.0090175150
1660	0.0079158461
1661	0.0075027291
1662	0.0079738786
1663	0.0081344480
1664	0.0070061060
1665	0.0080881882
1666	0.0091983490
1667	0.0088670505
1668	0.0111187026
1669	0.0101671293
1670	0.0087096421
1671	0.0096586077
1672	0.0082773464
1673	0.0082941893
1674	0.0096177375
1675	0.0113573959
1676	0.0095164347
1677	0.0098710703
1678	0.0089298841
1679	0.0077126008
1680	0.0090126013
1681	0.0099919997
1682	0.0124498475
1683	0.0119421482
1684	0.0096396683
1685	0.0092853298
1686	0.0094499700
1687	0.0101840235
1688	0.0093159527
1689	0.0091667799
1690	0.0095781563
1691	0.0103333071
1692	0.0121155810
1693	0.0120918658
1694	0.0114464238
1695	0.0123008573
1696	0.0110622989
1697	0.0100403000
1698	0.0116814841
1699	0.0126534682
1700	0.0120140603
1701	0.0106508769
1702	0.0119168554
1703	0.0128266551
1704	0.0111289183
1705	0.0122064967
1706	0.0121722994
1707	0.0132787069
1708	0.0143143395
1709	0.0144799436
1710	0.0159889981
1711	0.0135558080
1712	0.0128617696
1713	0.0176328681
1714	0.0140204802
1715	0.0150488345
1716	0.0185370371
1717	0.0163936764
1718	0.0144555653
1719	0.0116094099
1720	0.0130130257
1721	0.0156307351
1722	0.0158696771
1723	0.0151735060
1724	0.0144377099
1725	0.0155728608
1726	0.0154816452
1727	0.0152998418
1728	0.0160570052
1729	0.0165993869
1730	0.0205782503
1731	0.0200547446
1732	0.0194335114
1733	0.0142398532
1734	0.0121015860
1735	0.0136745917
1736	0.0187699683
1737	0.0196206681
1738	0.0157491267
1739	0.0195381995
1740	0.0153591279
1741	0.0133470614
1742	0.0128892064
1743	0.0157767981
1744	0.0183690637
1745	0.0150204841
1746	0.0123445662
1747	0.0148570528
1748	0.0165665857
1749	0.0151974643
1750	0.0114111975
1751	0.0122819422
1752	0.0170777608
1753	0.0173961986
1754	0.0149025517
1755	0.0122317327
1756	0.0117312036
1757	0.0121560898
1758	0.0124808839
1759	0.0108769629
1760	0.0104516428
1761	0.0110925008
1762	0.0143317822
1763	0.0110324193
1764	0.0089435037
1765	0.0105401874
1766	0.0098945927
1767	0.0112725561
1768	0.0122296475
1769	0.0100028412
1770	0.0132265966
1771	0.0142731685
1772	0.0142697534
1773	0.0097577171
1774	0.0088618034
1775	0.0094598448
1776	0.0086657051
1777	0.0102055082
1778	0.0086994367
1779	0.0089297919
1780	0.0085396199
1781	0.0072222790
1782	0.0083708866
1783	0.0099480078
1784	0.0101603055
1785	0.0080637923
1786	0.0096904775
1787	0.0105832051
1788	0.0108258370
1789	0.0111032017
1790	0.0099078258
1791	0.0099242264
1792	0.0086007006
1793	0.0085326200
1794	0.0089303106
1795	0.0093617709
1796	0.0094406996
1797	0.0100382827
1798	0.0090803094
1799	0.0091626411
1800	0.0098642036
1801	0.0080892425
1802	0.0088696489
1803	0.0100178448
1804	0.0085956939
1805	0.0074655237
1806	0.0081674783
1807	0.0091761500
1808	0.0093298219
1809	0.0095061138
1810	0.0103205936
1811	0.0100542996
1812	0.0093075894
1813	0.0114388661
1814	0.0114080049
1815	0.0094542708
1816	0.0092969174
1817	0.0085269148
1818	0.0091576995
1819	0.0091332914
1820	0.0082505448
1821	0.0082515357
1822	0.0089728609
1823	0.0104475189
1824	0.0104336496
1825	0.0104486700
1826	0.0105161713
1827	0.0106460201
1828	0.0118127130
1829	0.0131224915
1830	0.0115607623
1831	0.0100679109
1832	0.0094284015
1833	0.0106440876
1834	0.0102088861
1835	0.0111253206
1836	0.0092849098
1837	0.0112368725
1838	0.0128612714
1839	0.0120689264
1840	0.0122486670
1841	0.0127383322
1842	0.0109569374
1843	0.0110641709
1844	0.0123854484
1845	0.0120660178
1846	0.0109484214
1847	0.0115297632
1848	0.0133369640
1849	0.0129368259
1850	0.0114004454
1851	0.0110258739
1852	0.0118824411
1853	0.0120727364
1854	0.0111650666
1855	0.0124576846
1856	0.0149920313
1857	0.0123538617
1858	0.0113614760
1859	0.0116478847
1860	0.0121974368
1861	0.0128852800
1862	0.0135243023
1863	0.0136564700
1864	0.0132821044
1865	0.0126604456
1866	0.0122553091
1867	0.0114849340
1868	0.0126538454
1869	0.0142356139
1870	0.0139153525
1871	0.0111254482
1872	0.0118988529
1873	0.0140935499
1874	0.0131287975
1875	0.0116901333
1876	0.0135311065
1877	0.0132087357
1878	0.0124473535
1879	0.0146285146
1880	0.0122253532
1881	0.0134745175
1882	0.0138023207
1883	0.0149472114
1884	0.0142005133
1885	0.0137328031
1886	0.0153658064
1887	0.0144367851
1888	0.0131531199
1889	0.0144029520
1890	0.0148088755
1891	0.0136365006
1892	0.0135992737
1893	0.0151935695
1894	0.0184334796
1895	0.0175544098
1896	0.0134218615
1897	0.0139384391
1898	0.0154876458
1899	0.0160094313
1900	0.0159574300
1901	0.0157814156
1902	0.0156091312
1903	0.0150557747
1904	0.0182003584
1905	0.0156990606
1906	0.0184398703
1907	0.0151876230
1908	0.0128886830
1909	0.0132519705
1910	0.0137223536
1911	0.0143886413
1912	0.0148228798
1913	0.0127639743
1914	0.0114464369
1915	0.0156959221
1916	0.0154351862
1917	0.0140052726
1918	0.0140774166
1919	0.0157528296
1920	0.0148624126
1921	0.0136038177
1922	0.0134260496
1923	0.0128548080
1924	0.0118946396
1925	0.0126901111
1926	0.0144868679
1927	0.0172896553
1928	0.0158372931
1929	0.0128532527
1930	0.0168495942
1931	0.0135608446
1932	0.0128451409
1933	0.0161410626
1934	0.0173939932
1935	0.0202866457
1936	0.0169745181
1937	0.0158398934
1938	0.0159593243
1939	0.0181025304
1940	0.0211235434
1941	0.0166846942
1942	0.0136105055
1943	0.0134377573
1944	0.0134543031
1945	0.0158631336
1946	0.0130756767
1947	0.0126817320
1948	0.0150390454
1949	0.0198860373
1950	0.0185071100
1951	0.0147044128
1952	0.0171618387
1953	0.0179849528
1954	0.0183707383
1955	0.0154078808
1956	0.0155872284
1957	0.0167789645
1958	0.0153682139
1959	0.0155217769
1960	0.0168002546
1961	0.0165423471
1962	0.0183177404
1963	0.0167463645
1964	0.0156505834
1965	0.0144127086
1966	0.0167321786
1967	0.0190335885
1968	0.0177545622
1969	0.0162708461
1970	0.0174398385
1971	0.0196465086
1972	0.0201607104
1973	0.0176024009
1974	0.0228659287
1975	0.0214944612
1976	0.0185726359
1977	0.0194060411
1978	0.0169336144
1979	0.0159215741
1980	0.0142805884
1981	0.0149525022
1982	0.0152617171
1983	0.0171903539
1984	0.0162794665
1985	0.0127744135
1986	0.0146272648
1987	0.0145099200
1988	0.0126453787
1989	0.0122932624
1990	0.0147988675
1991	0.0164723508
1992	0.0144994818
1993	0.0136091569
1994	0.0149074122
1995	0.0127370320
1996	0.0129352016
1997	0.0125579946
1998	0.0146337906
1999	0.0146630444
2000	0.0122552225
