5	0.0001517332
6	0.0001799502
7	0.0001670475
8	0.0002141344
9	0.0007626345
10	0.0055702701
11	0.0123979244
12	0.0078201834
13	0.0038285523
14	0.0048032948
15	0.0054818583
16	0.0032505351
17	0.0016194496
18	0.0008904384
19	0.0006525058
20	0.0003835776
21	0.0002376065
22	0.0001814403
23	0.0001599768
24	0.0001383715
25	0.0001135309
26	0.0001071703
27	0.0001045357
28	0.0001237746
29	0.0001464491
30	0.0001456161
31	0.0001262444
32	0.0001239854
33	0.0001227651
34	0.0001188790
35	0.0001132103
36	0.0001304947
37	0.0001469802
38	0.0002166218
39	0.0003392674
40	0.0003953135
41	0.0004391441
42	0.0004847729
43	0.0004276558
44	0.0004965955
45	0.0006689382
46	0.0007747270
47	0.0008012676
48	0.0007959825
49	0.0007475693
50	0.0008784710
51	0.0008312673
52	0.0009334843
53	0.0010972905
54	0.0011612274
55	0.0013201718
56	0.0015991630
57	0.0014596167
58	0.0012478374
59	0.0012963125
60	0.0013405684
61	0.0014716651
62	0.0012872795
63	0.0010874965
64	0.0010430926
65	0.0010694463
66	0.0011573465
67	0.0011036206
68	0.0010907423
69	0.0010626819
70	0.0009663421
71	0.0010779662
72	0.0011935019
73	0.0012067679
74	0.0009848749
75	0.0012381400
76	0.0013492962
77	0.0014610781
78	0.0016162959
79	0.0016771752
80	0.0016337642
81	0.0016062771
82	0.0017906388
83	0.0022982876
84	0.0021444117
85	0.0018274999
86	0.0015932965
87	0.0011586524
88	0.0008981455
89	0.0007885164
90	0.0008497951
91	0.0008088931
92	0.0006328395
93	0.0005761826
94	0.0008517559
95	0.0007078880
96	0.0008307823
97	0.0008168831
98	0.0006556084
99	0.0007086809
100	0.0010040757
101	0.0011030866
102	0.0013690862
103	0.0018526574
104	0.0021860530
105	0.0021556050
106	0.0024700589
107	0.0033608337
108	0.0041846931
109	0.0046674656
110	0.0062011136
111	0.0066125197
112	0.0045851604
113	0.0053058518
114	0.0061123944
115	0.0061256089
116	0.0053313961
117	0.0059608868
118	0.0065322309
119	0.0071755871
120	0.0073597236
121	0.0071415058
122	0.0069972151
123	0.0069082184
124	0.0072697895
125	0.0068787229
126	0.0072143162
127	0.0076770806
128	0.0070329811
129	0.0074445345
130	0.0075194822
131	0.0078933621
132	0.0080419779
133	0.0084061706
134	0.0083005205
135	0.0066284044
136	0.0084061828
137	0.0068237940
138	0.0053757657
139	0.0052458425
140	0.0047975928
141	0.0047879149
142	0.0044852374
143	0.0046311929
144	0.0042748656
145	0.0038960641
146	0.0033840463
147	0.0035205488
148	0.0036011301
149	0.0033008235
150	0.0030489091
151	0.0032467302
152	0.0032662577
153	0.0031515725
154	0.0031708735
155	0.0031535770
156	0.0029909008
157	0.0026786525
158	0.0029076810
159	0.0029459572
160	0.0031312827
161	0.0033367479
162	0.0034996478
163	0.0031390968
164	0.0032032470
165	0.0028963590
166	0.0031362157
167	0.0036620756
168	0.0038217490
169	0.0040517212
170	0.0038707866
171	0.0035208457
172	0.0036974053
173	0.0026788427
174	0.0019723948
175	0.0018662330
176	0.0018089807
177	0.0017350207
178	0.0015592248
179	0.0016898088
180	0.0015978211
181	0.0014959709
182	0.0010840851
183	0.0011110227
184	0.0103918677
185	0.0301013179
186	0.0183365289
187	0.0049655936
188	0.0016677158
189	0.0008594441
190	0.0007787783
191	0.0005493692
192	0.0005624777
193	0.0006866909
194	0.0006332172
195	0.0006905391
196	0.0005735099
197	0.0005217537
198	0.0005389566
199	0.0004749763
200	0.0004799891
201	0.0002929108
202	0.0002973378
203	0.0003998873
204	0.0004242870
205	0.0007020227
206	0.0008302907
207	0.0009411850
208	0.0010626068
209	0.0012599248
210	0.0012296740
211	0.0014259188
212	0.0017537413
213	0.0012930182
214	0.0009933495
215	0.0013974559
216	0.0012921682
217	0.0013964900
218	0.0014663916
219	0.0014010500
220	0.0016451039
221	0.0020796568
222	0.0019968823
223	0.0017299174
224	0.0016483042
225	0.0017064099
226	0.0017573684
227	0.0022891760
228	0.0025884781
229	0.0022731230
230	0.0017794828
231	0.0013806323
232	0.0016621406
233	0.0022426522
234	0.0025060936
235	0.0022045211
236	0.0019815671
237	0.0017293106
238	0.0018478155
239	0.0020508165
240	0.0017905280
241	0.0019775161
242	0.0020150277
243	0.0024432696
244	0.0025104999
245	0.0023974904
246	0.0028460566
247	0.0026427507
248	0.0028763565
249	0.0035143255
250	0.0040388200
251	0.0040858928
252	0.0033530744
253	0.0033668135
254	0.0034957977
255	0.0048221950
256	0.0049321982
257	0.0032393818
258	0.0037702450
259	0.0045580696
260	0.0057149488
261	0.0054514608
262	0.0055066738
263	0.0057156431
264	0.0064747976
265	0.0063005434
266	0.0081461798
267	0.0073980535
268	0.0089345621
269	0.0094893845
270	0.0098974500
271	0.0086972304
272	0.0080080461
273	0.0076979520
274	0.0066247201
275	0.0065718177
276	0.0079591647
277	0.0081881890
278	0.0076759551
279	0.0089728516
280	0.0081678191
281	0.0061850762
282	0.0042295880
283	0.0045617060
284	0.0045157289
285	0.0033302407
286	0.0028517125
287	0.0031487981
288	0.0029692668
289	0.0032121672
290	0.0031667077
291	0.0035541237
292	0.0033346852
293	0.0030658927
294	0.0029704052
295	0.0025480567
296	0.0025130350
297	0.0029952840
298	0.0032430680
299	0.0034449352
300	0.0033169149
301	0.0031970562
302	0.0035779958
303	0.0048526214
304	0.0056007025
305	0.0064846817
306	0.0085508833
307	0.0144109353
308	0.0170244072
309	0.0182948448
310	0.0197288580
311	0.0188456010
312	0.0194538813
313	0.0227564760
314	0.0284224842
315	0.0376517028
316	0.0341776200
317	0.0345538743
318	0.0336533636
319	0.0259508397
320	0.0217982009
321	0.0215438381
322	0.0245937761
323	0.0314369500
324	0.0429893583
325	0.0378260836
326	0.0458579957
327	0.0456528217
328	0.0352143943
329	0.0263450239
330	0.0215041861
331	0.0193669908
332	0.0159320273
333	0.0109581035
334	0.0092067709
335	0.0077651241
336	0.0064930366
337	0.0064692795
338	0.0059622945
339	0.0051894854
340	0.0057088509
341	0.0058270129
342	0.0045871870
343	0.0052106562
344	0.0044326209
345	0.0051293466
346	0.0061742305
347	0.0061385506
348	0.0052806363
349	0.0041302252
350	0.0040335739
351	0.0044715875
352	0.0044977106
353	0.0037858281
354	0.0039134156
355	0.0039718691
356	0.0038741985
357	0.0040249098
358	0.0041579213
359	0.0046231030
360	0.0051750708
361	0.0049929381
362	0.0045271562
363	0.0052320021
364	0.0049614729
365	0.0047069862
366	0.0051978640
367	0.0051984359
368	0.0055877920
369	0.0057074227
370	0.0076249288
371	0.0064918129
372	0.0072930185
373	0.0075612715
374	0.0078968490
375	0.0074964310
376	0.0071949870
377	0.0082093058
378	0.0120771993
379	0.0126513559
380	0.0088919336
381	0.0082294419
382	0.0074999807
383	0.0074167750
384	0.0073250257
385	0.0081752865
386	0.0111742523
387	0.0094492706
388	0.0089626145
389	0.0092700524
390	0.0088172453
391	0.0092156259
392	0.0100417230
393	0.0086328210
394	0.0097504929
395	0.0097107533
396	0.0104982816
397	0.0110131726
398	0.0102009559
399	0.0088725211
400	0.0072758175
401	0.0073900181
402	0.0082763154
403	0.0079632057
404	0.0069223237
405	0.0057444330
406	0.0049742525
407	0.0045305262
408	0.0049221311
409	0.0044995360
410	0.0042393655
411	0.0044322331
412	0.0039933138
413	0.0045124949
414	0.0044221822
415	0.0041785133
416	0.0043046200
417	0.0047029206
418	0.0044204267
419	0.0045608068
420	0.0054275156
421	0.0053477939
422	0.0060151080
423	0.0053470051
424	0.0066432250
425	0.0082297232
426	0.0089725312
427	0.0089002727
428	0.0089681158
429	0.0093192877
430	0.0103233019
431	0.0135118403
432	0.0127321361
433	0.0110608917
434	0.0145565392
435	0.0201603044
436	0.0200380292
437	0.0215138104
438	0.0251548328
439	0.0274094045
440	0.0242954157
441	0.0229522921
442	0.0265540984
443	0.0279634502
444	0.0282581113
445	0.0305444505
446	0.0326011032
447	0.0323333405
448	0.0293478519
449	0.0344343483
450	0.0378490463
451	0.0276057068
452	0.0307274032
453	0.0350693278
454	0.0380447507
455	0.0407761782
456	0.0424901210
457	0.0404290780
458	0.0460124835
459	0.0498889014
460	0.0566729978
461	0.0527229346
462	0.0517491437
463	0.0579207428
464	0.0629547536
465	0.0721494332
466	0.0728705004
467	0.0751473233
468	0.0840746015
469	0.0885860175
470	0.0915268138
471	0.0919397399
472	0.0982526541
473	0.1067436934
474	0.1027409062
475	0.1021486744
476	0.1016212851
477	0.1123268083
478	0.1157538220
479	0.1096032262
480	0.1186789051
481	0.1344298422
482	0.1292097867
483	0.1200276390
484	0.1493201852
485	0.1575023532
486	0.1558264345
487	0.1470829695
488	0.1261959672
489	0.1281116903
490	0.1408819854
491	0.1387981325
492	0.1451876909
493	0.1560607255
494	0.1617283374
495	0.1805286407
496	0.1824122071
497	0.1853073537
498	0.1781537235
499	0.1769736260
500	0.1778742224
501	0.1674439907
502	0.1738651097
503	0.1931380630
504	0.1860996038
505	0.1829580665
506	0.1449339539
507	0.1387339830
508	0.1522086263
509	0.1535672098
510	0.1512020975
511	0.1521813869
512	0.1598572880
513	0.1377993375
514	0.1346018761
515	0.1157641932
516	0.1092977300
517	0.1275644302
518	0.1395095885
519	0.1391095221
520	0.1158308834
521	0.1185738668
522	0.1123035923
523	0.0997917876
524	0.1180997640
525	0.1095752120
526	0.1325028986
527	0.1492410898
528	0.1184900925
529	0.1255433857
530	0.1168137118
531	0.1181142703
532	0.1036239490
533	0.1140319109
534	0.1373072863
535	0.1273162067
536	0.1192385256
537	0.1438999325
538	0.1482377201
539	0.1236446947
540	0.1206155792
541	0.1293204576
542	0.1526480168
543	0.1610234678
544	0.1619481593
545	0.1501712203
546	0.1658089161
547	0.1915792078
548	0.1669581681
549	0.1474957466
550	0.1598375738
551	0.1852645725
552	0.1809026748
553	0.2142361850
554	0.2022075951
555	0.1986773163
556	0.1803164780
557	0.1791643798
558	0.2047927380
559	0.2122933269
560	0.1961793303
561	0.1884601265
562	0.1691393405
563	0.1788043231
564	0.1677742749
565	0.1656059772
566	0.1712852120
567	0.1678558290
568	0.2377754897
569	0.2283495218
570	0.1745912731
571	0.1529482156
572	0.1452805996
573	0.1688574553
574	0.1620928198
575	0.1844786853
576	0.1679844409
577	0.1248820797
578	0.1248244122
579	0.1278124899
580	0.1356138438
581	0.1132785305
582	0.1306476891
583	0.1432024091
584	0.1349598318
585	0.1123846993
586	0.1219766587
587	0.1265291125
588	0.1131833941
589	0.1114357710
590	0.0902057290
591	0.1008138880
592	0.0941291749
593	0.0875312537
594	0.0893231407
595	0.1140913591
596	0.1127663553
597	0.0979808345
598	0.1120262071
599	0.1132735536
600	0.0984027833
601	0.0868579149
602	0.0984019190
603	0.1142925993
604	0.1118027419
605	0.1048846766
606	0.0792999938
607	0.0739207119
608	0.0806188807
609	0.0679330602
610	0.0630830005
611	0.0720494762
612	0.0742682368
613	0.0549022667
614	0.0514053702
615	0.0546906069
616	0.0556161478
617	0.0516469143
618	0.0449987501
619	0.0442135818
620	0.0409969836
621	0.0438124575
622	0.0427552089
623	0.0377689376
624	0.0397802591
625	0.0370912477
626	0.0456647277
627	0.0343446098
628	0.0337282233
629	0.0302143879
630	0.0239565484
631	0.0248359200
632	0.0225381851
633	0.0215205066
634	0.0201444197
635	0.0249803308
636	0.0217887256
637	0.0226364713
638	0.0210305192
639	0.0173571296
640	0.0164940767
641	0.0156724285
642	0.0175209008
643	0.0166052971
644	0.0135829486
645	0.0132420911
646	0.0155243939
647	0.0144970110
648	0.0129006049
649	0.0122113293
650	0.0128183095
651	0.0135958428
652	0.0137751382
653	0.0122040575
654	0.0133651746
655	0.0152993612
656	0.0112848580
657	0.0096385861
658	0.0104816686
659	0.0114962626
660	0.0096551692
661	0.0103024524
662	0.0082086679
663	0.0086617460
664	0.0087782005
665	0.0072858087
666	0.0087937228
667	0.0089580929
668	0.0091957645
669	0.0099620204
670	0.0099126538
671	0.0104592014
672	0.0084773079
673	0.0094779059
674	0.0083835805
675	0.0084169386
676	0.0092741558
677	0.0088994168
678	0.0096514737
679	0.0085097048
680	0.0095663844
681	0.0100289341
682	0.0114785163
683	0.0134752123
684	0.0105194272
685	0.0114039117
686	0.0099924039
687	0.0093037374
688	0.0110083437
689	0.0118339388
690	0.0127087468
691	0.0115134232
692	0.0140313786
693	0.0132453330
694	0.0125921769
695	0.0129006496
696	0.0157519486
697	0.0150424689
698	0.0152601944
699	0.0144367637
700	0.0155749209
701	0.0182290152
702	0.0208220556
703	0.0220650267
704	0.0174335428
705	0.0163098648
706	0.0182950906
707	0.0178026780
708	0.0189857949
709	0.0170080066
710	0.0203195624
711	0.0182487648
712	0.0190967396
713	0.0199388284
714	0.0184601620
715	0.0204021409
716	0.0209477507
717	0.0205331445
718	0.0203019306
719	0.0214677304
720	0.0172942095
721	0.0179007035
722	0.0204398073
723	0.0227593761
724	0.0227159820
725	0.0197958276
726	0.0222241171
727	0.0253887922
728	0.0195918158
729	0.0215006340
730	0.0204996336
731	0.0210292283
732	0.0220801421
733	0.0208789632
734	0.0267741308
735	0.0288698375
736	0.0233087279
737	0.0252390876
738	0.0194055308
739	0.0190022048
740	0.0198361054
741	0.0214873925
742	0.0208123494
743	0.0195467211
744	0.0206975527
745	0.0226048660
746	0.0224854201
747	0.0193830114
748	0.0197957736
749	0.0182955749
750	0.0193839725
751	0.0217891298
752	0.0217543561
753	0.0172706936
754	0.0167869870
755	0.0180814359
756	0.0179804787
757	0.0151868090
758	0.0158793796
759	0.0167844370
760	0.0173900835
761	0.0188739505
762	0.0154625969
763	0.0139756631
764	0.0152526991
765	0.0151352622
766	0.0181829184
767	0.0163628813
768	0.0188239869
769	0.0156063577
770	0.0152068445
771	0.0160659347
772	0.0229950491
773	0.0242965873
774	0.0237581618
775	0.0204476099
776	0.0232679136
777	0.0278103314
778	0.0304951668
779	0.0178877451
780	0.0143124433
781	0.0178391431
782	0.0164439287
783	0.0133822253
784	0.0159388203
785	0.0135192424
786	0.0132219149
787	0.0121552208
788	0.0126680788
789	0.0130033735
790	0.0115546985
791	0.0134632159
792	0.0126478076
793	0.0123531157
794	0.0125105204
795	0.0135692861
796	0.0151931439
797	0.0138338199
798	0.0142909531
799	0.0143265156
800	0.0144789508
801	0.0161001161
802	0.0143584860
803	0.0184394065
804	0.0234639812
805	0.0229379050
806	0.0205979235
807	0.0206086859
808	0.0254281107
809	0.0254263040
810	0.0237637404
811	0.0230049826
812	0.0242698751
813	0.0279324576
814	0.0274969749
815	0.0260175988
816	0.0277748015
817	0.0284448210
818	0.0326700211
819	0.0402221456
820	0.0425625406
821	0.0467532687
822	0.0398670733
823	0.0459749922
824	0.0459508002
825	0.0437090583
826	0.0412107594
827	0.0432866514
828	0.0465616770
829	0.0529823676
830	0.0488211885
831	0.0546002649
832	0.0524173044
833	0.0581812970
834	0.0607978925
835	0.0647206679
836	0.0787869096
837	0.0741952360
838	0.0779025853
839	0.0891738832
840	0.1009246856
841	0.1116352007
842	0.1664321274
843	0.1506396383
844	0.1713408381
845	0.2312900573
846	0.2336816192
847	0.2233676761
848	0.1978638321
849	0.2727445364
850	0.2156853378
851	0.1929590255
852	0.1846279651
853	0.1776811481
854	0.1918970346
855	0.1842633188
856	0.1607833356
857	0.1983235031
858	0.2164807618
859	0.2251792550
860	0.1819232851
861	0.1201591417
862	0.1332519948
863	0.1293966174
864	0.1276746541
865	0.1113592461
866	0.1046120003
867	0.1209024116
868	0.1261710972
869	0.1170629188
870	0.1305909455
871	0.1362198293
872	0.1006594077
873	0.1185873747
874	0.0829308331
875	0.0746432096
876	0.0864547491
877	0.0743913949
878	0.0514985286
879	0.0406591184
880	0.0450289100
881	0.0457863696
882	0.0349435471
883	0.0301272888
884	0.0261580255
885	0.0285303947
886	0.0310503934
887	0.0282072108
888	0.0269300006
889	0.0262686200
890	0.0276574306
891	0.0267419051
892	0.0304751825
893	0.0326957181
894	0.0310715381
895	0.0308855586
896	0.0321974382
897	0.0345953554
898	0.0340969004
899	0.0253484566
900	0.0241174884
901	0.0257646050
902	0.0344618261
903	0.0309656840
904	0.0277892519
905	0.0282519106
906	0.0249152575
907	0.0230923947
908	0.0220067874
909	0.0213804282
910	0.0225723609
911	0.0144884335
912	0.0187944621
913	0.0215642359
914	0.0169380940
915	0.0193105135
916	0.0254281219
917	0.0236292966
918	0.0177291390
919	0.0179185588
920	0.0150834126
921	0.0147994189
922	0.0153772114
923	0.0171948969
924	0.0176274572
925	0.0189105459
926	0.0289374199
927	0.0248034671
928	0.0201579165
929	0.0235694200
930	0.0242301840
931	0.0240083896
932	0.0242692307
933	0.0257599149
934	0.0322655290
935	0.0296820421
936	0.0240061209
937	0.0252617374
938	0.0299013834
939	0.0265915710
940	0.0257511530
941	0.0245601665
942	0.0240529850
943	0.0289899018
944	0.0204096846
945	0.0164420884
946	0.0185210444
947	0.0164848082
948	0.0178359970
949	0.0170121752
950	0.0172155704
951	0.0175471362
952	0.0165907834
953	0.0182157420
954	0.0200868994
955	0.0188163687
956	0.0207834877
957	0.0207292344
958	0.0179467667
959	0.0171046332
960	0.0185261033
961	0.0168231521
962	0.0175199341
963	0.0203989446
964	0.0239365548
965	0.0259105004
966	0.0224388149
967	0.0237855390
968	0.0237326864
969	0.0235686302
970	0.0228287000
971	0.0211765077
972	0.0222457871
973	0.0226938184
974	0.0232058410
975	0.0284407791
976	0.0279776286
977	0.0264813714
978	0.0313482545
979	0.0328307264
980	0.0311044343
981	0.0324863903
982	0.0334294550
983	0.0395983979
984	0.0356606282
985	0.0421295911
986	0.0399924628
987	0.0298968218
988	0.0308265407
989	0.0353358611
990	0.0338473953
991	0.0308994278
992	0.0257355701
993	0.0261086524
994	0.0238245782
995	0.0255081747
996	0.0245886073
997	0.0299415272
998	0.0251799077
999	0.0225019604
1000	0.0273294058
1001	0.0241972469
1002	0.0246168859
1003	0.0233683679
1004	0.0213892348
1005	0.0241977554
1006	0.0288172159
1007	0.0257554259
1008	0.0270792842
1009	0.0294325836
1010	0.0237839390
1011	0.0226546247
1012	0.0210048258
1013	0.0223355610
1014	0.0209056642
1015	0.0210519545
1016	0.0209818501
1017	0.0239530727
1018	0.0231310464
1019	0.0232223943
1020	0.0208787136
1021	0.0229795761
1022	0.0202318914
1023	0.0204900671
1024	0.0254917555
1025	0.0232712924
1026	0.0187523738
1027	0.0207361709
1028	0.0182078537
1029	0.0232824758
1030	0.0223697592
1031	0.0172593854
1032	0.0180513691
1033	0.0193899404
1034	0.0184681900
1035	0.0208352637
1036	0.0219675098
1037	0.0197553858
1038	0.0188249554
1039	0.0197985433
1040	0.0200299826
1041	0.0246022232
1042	0.0227922760
1043	0.0252718870
1044	0.0258698054
1045	0.0251263548
1046	0.0229934938
1047	0.0254265983
1048	0.0238405801
1049	0.0209619123
1050	0.0198979732
1051	0.0209781528
1052	0.0187640805
1053	0.0181185827
1054	0.0234750304
1055	0.0181892514
1056	0.0180482268
1057	0.0208671782
1058	0.0210257862
1059	0.0199922863
1060	0.0219872724
1061	0.0209883712
1062	0.0189530924
1063	0.0202108975
1064	0.0178564396
1065	0.0167126004
1066	0.0179805756
1067	0.0205784924
1068	0.0206342060
1069	0.0161087383
1070	0.0152934771
1071	0.0162907373
1072	0.0162289739
1073	0.0172462631
1074	0.0217177477
1075	0.0185071137
1076	0.0172370393
1077	0.0167412572
1078	0.0182841867
1079	0.0191183574
1080	0.0127865691
1081	0.0116433157
1082	0.0119226845
1083	0.0094042635
1084	0.0089378059
1085	0.0116641652
1086	0.0123755196
1087	0.0089740697
1088	0.0078763384
1089	0.0088532623
1090	0.0077999015
1091	0.0082314173
1092	0.0079385331
1093	0.0070031905
1094	0.0065776142
1095	0.0061251228
1096	0.0065037184
1097	0.0071725883
1098	0.0057595423
1099	0.0055815992
1100	0.0056662122
1101	0.0053352118
1102	0.0052616578
1103	0.0060118954
1104	0.0052381875
1105	0.0051022572
1106	0.0053551681
1107	0.0060528261
1108	0.0058376729
1109	0.0062073222
1110	0.0057082358
1111	0.0048734550
1112	0.0056196149
1113	0.0058217300
1114	0.0061116153
1115	0.0057948194
1116	0.0056653884
1117	0.0052809310
1118	0.0058902684
1119	0.0070791105
1120	0.0064006886
1121	0.0060660290
1122	0.0067733754
1123	0.0055441521
1124	0.0062947948
1125	0.0059718383
1126	0.0082303016
1127	0.0095157614
1128	0.0063815843
1129	0.0058683236
1130	0.0072102323
1131	0.0085346885
1132	0.0078347242
1133	0.0081545897
1134	0.0072405837
1135	0.0071324180
1136	0.0062552416
1137	0.0064247726
1138	0.0092157321
1139	0.0088468511
1140	0.0071340259
1141	0.0074590566
1142	0.0095913848
1143	0.0100005623
1144	0.0071456442
1145	0.0065360698
1146	0.0075187436
1147	0.0087491041
1148	0.0075371270
1149	0.0084532090
1150	0.0089533487
1151	0.0059559220
1152	0.0064043263
1153	0.0062194755
1154	0.0068961671
1155	0.0080711823
1156	0.0070654391
1157	0.0062261471
1158	0.0057336395
1159	0.0057906955
1160	0.0055813971
1161	0.0085380981
1162	0.0070454474
1163	0.0072426489
1164	0.0073948945
1165	0.0064861542
1166	0.0055372128
1167	0.0058186105
1168	0.0057401219
1169	0.0071844785
1170	0.0079558687
1171	0.0067003728
1172	0.0067119584
1173	0.0075717326
1174	0.0071419710
1175	0.0073129996
1176	0.0062277741
1177	0.0074626878
1178	0.0077174073
1179	0.0074537597
1180	0.0069165495
1181	0.0070284726
1182	0.0074468148
1183	0.0088624610
1184	0.0095409267
1185	0.0095143802
1186	0.0073481444
1187	0.0072569977
1188	0.0081405090
1189	0.0071151038
1190	0.0078861760
1191	0.0082617495
1192	0.0085088406
1193	0.0080322046
1194	0.0082839876
1195	0.0090944981
1196	0.0097165359
1197	0.0103798946
1198	0.0114629082
1199	0.0092560826
1200	0.0082491012
1201	0.0108724460
1202	0.0117105842
1203	0.0102001969
1204	0.0098182820
1205	0.0108334227
1206	0.0138034681
1207	0.0179299228
1208	0.0156586897
1209	0.0162179321
1210	0.0205389652
1211	0.0178057961
1212	0.0188374631
1213	0.0200320594
1214	0.0209947303
1215	0.0204938650
1216	0.0210054107
1217	0.0185715593
1218	0.0228620805
1219	0.0241247453
1220	0.0301593281
1221	0.0277231783
1222	0.0307128504
1223	0.0398960412
1224	0.0398609117
1225	0.0455568619
1226	0.0517022312
1227	0.0540292785
1228	0.0532154329
1229	0.0572863780
1230	0.0650162622
1231	0.0669334754
1232	0.0628203973
1233	0.0691174790
1234	0.0837867931
1235	0.0836499706
1236	0.0864529833
1237	0.0806384161
1238	0.0842713639
1239	0.0896494612
1240	0.0877803341
1241	0.0829908103
1242	0.0826588497
1243	0.0908851400
1244	0.0878123492
1245	0.0728886425
1246	0.0734823868
1247	0.0811677203
1248	0.0871144906
1249	0.0923863649
1250	0.0888812020
1251	0.0873919800
1252	0.0867497027
1253	0.0868208185
1254	0.0833660439
1255	0.0766520947
1256	0.0913572088
1257	0.0735279173
1258	0.0574319474
1259	0.0564789958
1260	0.0523059368
1261	0.0449588075
1262	0.0473517701
1263	0.0445611328
1264	0.0430498533
1265	0.0488500968
1266	0.0399112441
1267	0.0473489538
1268	0.0514688008
1269	0.0425762907
1270	0.0381162763
1271	0.0384498872
1272	0.0327816792
1273	0.0328440629
1274	0.0370000862
1275	0.0432140715
1276	0.0492991731
1277	0.0473548882
1278	0.0388232954
1279	0.0392390788
1280	0.0371789709
1281	0.0381797887
1282	0.0315125324
1283	0.0265027657
1284	0.0244546644
1285	0.0222939402
1286	0.0207676962
1287	0.0225124061
1288	0.0275362246
1289	0.0230311137
1290	0.0215138569
1291	0.0198214874
1292	0.0220771898
1293	0.0199966747
1294	0.0198839959
1295	0.0227669254
1296	0.0270241108
1297	0.0203102361
1298	0.0230129883
1299	0.0236786343
1300	0.0229459256
1301	0.0222354569
1302	0.0214446485
1303	0.0204152521
1304	0.0289460029
1305	0.0264985338
1306	0.0211753324
1307	0.0204931963
1308	0.0209797230
1309	0.0186355133
1310	0.0210910775
1311	0.0236296654
1312	0.0252476055
1313	0.0253144912
1314	0.0243176129
1315	0.0205770023
1316	0.0187217649
1317	0.0205193777
1318	0.0186715629
1319	0.0233668033
1320	0.0239743963
1321	0.0257521290
1322	0.0252733249
1323	0.0223052744
1324	0.0232366472
1325	0.0210008491
1326	0.0252450295
1327	0.0325368457
1328	0.0303852353
1329	0.0332460962
1330	0.0291143209
1331	0.0282874070
1332	0.0293895453
1333	0.0284889508
1334	0.0241135042
1335	0.0277213156
1336	0.0259575974
1337	0.0260033719
1338	0.0345053934
1339	0.0340919867
1340	0.0317772515
1341	0.0330729224
1342	0.0330409072
1343	0.0264295321
1344	0.0293391664
1345	0.0302620810
1346	0.0254676510
1347	0.0218531508
1348	0.0250536446
1349	0.0286454335
1350	0.0259992424
1351	0.0271418057
1352	0.0252006035
1353	0.0214325991
1354	0.0238795914
1355	0.0240214691
1356	0.0238170102
1357	0.0240458362
1358	0.0239097942
1359	0.0265281461
1360	0.0239992980
1361	0.0209440384
1362	0.0232237168
1363	0.0232411195
1364	0.0212698821
1365	0.0240859222
1366	0.0264494047
1367	0.0239536762
1368	0.0219898839
1369	0.0224392992
1370	0.0249395575
1371	0.0236764625
1372	0.0212691650
1373	0.0198893026
1374	0.0194570888
1375	0.0220484771
1376	0.0232905541
1377	0.0209900681
1378	0.0193637218
1379	0.0199551024
1380	0.0168533158
1381	0.0167163201
1382	0.0185322780
1383	0.0184389725
1384	0.0179591272
1385	0.0202438682
1386	0.0183550958
1387	0.0163643602
1388	0.0166667886
1389	0.0186581966
1390	0.0200842377
1391	0.0189690161
1392	0.0198459569
1393	0.0141371628
1394	0.0191067215
1395	0.0162495468
1396	0.0167924557
1397	0.0147030083
1398	0.0170829426
1399	0.0211418159
1400	0.0205810480
1401	0.0197031163
1402	0.0161750317
1403	0.0172275696
1404	0.0208527185
1405	0.0218958631
1406	0.0193663146
1407	0.0163122732
1408	0.0178782232
1409	0.0202856269
1410	0.0176360961
1411	0.0148746800
1412	0.0160144903
1413	0.0185610801
1414	0.0153029934
1415	0.0143312672
1416	0.0189091340
1417	0.0190873034
1418	0.0183023624
1419	0.0145605188
1420	0.0141759943
1421	0.0192968976
1422	0.0159595571
1423	0.0157957617
1424	0.0147344200
1425	0.0165608358
1426	0.0191734843
1427	0.0219232105
1428	0.0202288795
1429	0.0217707902
1430	0.0219046380
1431	0.0231313892
1432	0.0172584858
1433	0.0170161147
1434	0.0173364487
1435	0.0178602003
1436	0.0193767603
1437	0.0199378021
1438	0.0184305552
1439	0.0164663773
1440	0.0189268645
1441	0.0169654563
1442	0.0210724045
1443	0.0226997063
1444	0.0196278039
1445	0.0184147302
1446	0.0248750970
1447	0.0258343015
1448	0.0251669902
1449	0.0213052053
1450	0.0209739264
1451	0.0231544413
1452	0.0249333791
1453	0.0222707111
1454	0.0212366097
1455	0.0165859815
1456	0.0197671130
1457	0.0242248867
1458	0.0247893874
1459	0.0222780760
1460	0.0228552520
1461	0.0247935541
1462	0.0276698768
1463	0.0310062505
1464	0.0320239179
1465	0.0299685970
1466	0.0263822619
1467	0.0292994659
1468	0.0265615750
1469	0.0259555820
1470	0.0235116519
1471	0.0245296005
1472	0.0296130627
1473	0.0212512109
1474	0.0209479630
1475	0.0212093834
1476	0.0221055187
1477	0.0199077390
1478	0.0230216384
1479	0.0225200765
1480	0.0238790736
1481	0.0241740402
1482	0.0239000749
1483	0.0262722895
1484	0.0269066729
1485	0.0256687943
1486	0.0239441339
1487	0.0259507261
1488	0.0266844761
1489	0.0241725128
1490	0.0246005096
1491	0.0278971810
1492	0.0252229292
1493	0.0294501707
1494	0.0334873982
1495	0.0273213107
1496	0.0243753176
1497	0.0270359516
1498	0.0252241939
1499	0.0254493058
1500	0.0271340925
1501	0.0232549813
1502	0.0263673924
1503	0.0287731420
1504	0.0347491540
1505	0.0373779312
1506	0.0354041234
1507	0.0369203351
1508	0.0364094637
1509	0.0362382345
1510	0.0399690457
1511	0.0438388363
1512	0.0383875258
1513	0.0397332869
1514	0.0420261770
1515	0.0406508557
1516	0.0349497348
1517	0.0360178985
1518	0.0331143588
1519	0.0336286351
1520	0.0339004993
1521	0.0370523445
1522	0.0352356993
1523	0.0338934585
1524	0.0339784995
1525	0.0352551155
1526	0.0370042063
1527	0.0369496383
1528	0.0353084244
1529	0.0427763127
1530	0.0608891062
1531	0.0625218377
1532	0.0550694279
1533	0.0595350489
1534	0.0717024729
1535	0.0689895004
1536	0.0838798881
1537	0.0769133866
1538	0.0632914528
1539	0.0660402477
1540	0.0546779707
1541	0.0600525253
1542	0.0513120741
1543	0.0437357947
1544	0.0391490199
1545	0.0336415470
1546	0.0325684957
1547	0.0293636490
1548	0.0273077432
1549	0.0314375386
1550	0.0251266770
1551	0.0217497740
1552	0.0251985993
1553	0.0253709219
1554	0.0301720947
1555	0.0276776012
1556	0.0267251153
1557	0.0269117467
1558	0.0248548500
1559	0.0262253638
1560	0.0242560152
1561	0.0279565807
1562	0.0279153623
1563	0.0332529433
1564	0.0284314249
1565	0.0383361466
1566	0.0298239645
1567	0.0267553665
1568	0.0265856050
1569	0.0264883712
1570	0.0254665148
1571	0.0252520889
1572	0.0307999235
1573	0.0297771040
1574	0.0270639881
1575	0.0280077215
1576	0.0317724831
1577	0.0278338827
1578	0.0343610235
1579	0.0324253924
1580	0.0312412158
1581	0.0380034484
1582	0.0405316651
1583	0.0304351673
1584	0.0312324557
1585	0.0302479379
1586	0.0285547804
1587	0.0307564270
1588	0.0305024739
1589	0.0319004171
1590	0.0312305652
1591	0.0303339716
1592	0.0257211216
1593	0.0288401265
1594	0.0297520980
1595	0.0320179574
1596	0.0341564007
1597	0.0297644418
1598	0.0330761075
1599	0.0332235061
1600	0.0311930384
1601	0.0320427008
1602	0.0370651111
1603	0.0324796848
1604	0.0314859189
1605	0.0357855111
1606	0.0307805911
1607	0.0302497298
1608	0.0379559845
1609	0.0316337310
1610	0.0312879235
1611	0.0291579124
1612	0.0308604166
1613	0.0300118234
1614	0.0242041517
1615	0.0263302531
1616	0.0254840534
1617	0.0277898908
1618	0.0291384645
1619	0.0260006599
1620	0.0234252252
1621	0.0286600925
1622	0.0292961113
1623	0.0273701474
1624	0.0234704912
1625	0.0236260016
1626	0.0234339461
1627	0.0288173947
1628	0.0258563589
1629	0.0229063872
1630	0.0223817956
1631	0.0239078980
1632	0.0248600412
1633	0.0244215261
1634	0.0275737736
1635	0.0240220893
1636	0.0204423312
1637	0.0234714821
1638	0.0229689665
1639	0.0246414226
1640	0.0240426939
1641	0.0195855349
1642	0.0199389942
1643	0.0212014504
1644	0.0226299576
1645	0.0202646572
1646	0.0180467125
1647	0.0213422850
1648	0.0174371861
1649	0.0198443178
1650	0.0256131776
1651	0.0248160027
1652	0.0228481106
1653	0.0224481542
1654	0.0199739039
1655	0.0234693754
1656	0.0255871527
1657	0.0228042677
1658	0.0212479569
1659	0.0255088769
1660	0.0233696699
1661	0.0223509725
1662	0.0243954118
1663	0.0267948061
1664	0.0233592950
1665	0.0229074340
1666	0.0202041026
1667	0.0225462895
1668	0.0245355032
1669	0.0227652099
1670	0.0243343953
1671	0.0229041427
1672	0.0225010589
1673	0.0250815265
1674	0.0222506262
1675	0.0232935958
1676	0.0239389017
1677	0.0224317815
1678	0.0267322659
1679	0.0277622268
1680	0.0230721813
1681	0.0209199116
1682	0.0250154380
1683	0.0243175663
1684	0.0194798671
1685	0.0207395535
1686	0.0233699381
1687	0.0222101174
1688	0.0236881636
1689	0.0251472592
1690	0.0262630638
1691	0.0222510416
1692	0.0215475969
1693	0.0204871576
1694	0.0233064815
1695	0.0225026850
1696	0.0233472083
1697	0.0220214818
1698	0.0265887119
1699	0.0362258442
1700	0.0300134495
1701	0.0283525754
1702	0.0307478160
1703	0.0271989796
1704	0.0256243497
1705	0.0257490613
1706	0.0271781292
1707	0.0271331239
1708	0.0238049105
1709	0.0239340905
1710	0.0295625310
1711	0.0308890473
1712	0.0264817048
1713	0.0272042993
1714	0.0298476275
1715	0.0305496696
1716	0.0348712094
1717	0.0261159874
1718	0.0251125190
1719	0.0252810940
1720	0.0279383194
1721	0.0269990843
1722	0.0220214445
1723	0.0214775633
1724	0.0234559234
1725	0.0260071196
1726	0.0262055285
1727	0.0269512199
1728	0.0229485948
1729	0.0209919419
1730	0.0203801114
1731	0.0207687896
1732	0.0233022682
1733	0.0190075748
1734	0.0218439195
1735	0.0195977446
1736	0.0220261738
1737	0.0218426660
1738	0.0218898263
1739	0.0196319837
1740	0.0203206819
1741	0.0169961117
1742	0.0192005169
1743	0.0191151295
1744	0.0209644288
1745	0.0175885875
1746	0.0156516917
1747	0.0158916879
1748	0.0163179636
1749	0.0174035504
1750	0.0209036246
1751	0.0224101115
1752	0.0217195209
1753	0.0169413332
1754	0.0195752010
1755	0.0171201043
1756	0.0156255197
1757	0.0166851003
1758	0.0161999129
1759	0.0152977603
1760	0.0157813560
1761	0.0179392416
1762	0.0180271715
1763	0.0148141133
1764	0.0137796728
1765	0.0161568895
1766	0.0149608273
1767	0.0166916978
1768	0.0166291166
1769	0.0178763419
1770	0.0185358804
1771	0.0152240004
1772	0.0183131695
1773	0.0185696930
1774	0.0142703885
1775	0.0132747712
1776	0.0125986915
1777	0.0141232684
1778	0.0157256946
1779	0.0204532295
1780	0.0163957030
1781	0.0134526370
1782	0.0132421590
1783	0.0139613776
1784	0.0142314164
1785	0.0131740300
1786	0.0138179688
1787	0.0141931772
1788	0.0137526309
1789	0.0127681913
1790	0.0169107802
1791	0.0170474704
1792	0.0140642114
1793	0.0134808859
1794	0.0134665389
1795	0.0147913443
1796	0.0163846370
1797	0.0162004456
1798	0.0145911574
1799	0.0125467628
1800	0.0129327793
1801	0.0146680586
1802	0.0139131770
1803	0.0143542476
1804	0.0139808310
1805	0.0157857537
1806	0.0153815327
1807	0.0155198025
1808	0.0147871338
1809	0.0142217418
1810	0.0135791097
1811	0.0133742560
1812	0.0138964271
1813	0.0176174380
1814	0.0154689196
1815	0.0152876833
1816	0.0136353783
1817	0.0135555230
1818	0.0125985472
1819	0.0140756173
1820	0.0134402523
1821	0.0135534322
1822	0.0127195790
1823	0.0136569832
1824	0.0133257480
1825	0.0140686864
1826	0.0135192834
1827	0.0134077976
1828	0.0143464319
1829	0.0158125143
1830	0.0169999525
1831	0.0143919084
1832	0.0135697350
1833	0.0158650614
1834	0.0165690482
1835	0.0161368474
1836	0.0185980257
1837	0.0162942093
1838	0.0138066206
1839	0.0165335480
1840	0.0176003892
1841	0.0173425972
1842	0.0147509612
1843	0.0146686025
1844	0.0139200613
1845	0.0130157415
1846	0.0137162562
1847	0.0156062040
1848	0.0163204595
1849	0.0146928029
1850	0.0142674912
1851	0.0153674586
1852	0.0147816036
1853	0.0160094146
1854	0.0151146175
1855	0.0155386142
1856	0.0151747605
1857	0.0144475475
1858	0.0150014348
1859	0.0170298070
1860	0.0165482871
1861	0.0164863635
1862	0.0148719493
1863	0.0149463220
1864	0.0168788619
1865	0.0163930859
1866	0.0160966255
1867	0.0151916277
1868	0.0157999136
1869	0.0160830654
1870	0.0167280901
1871	0.0151672866
1872	0.0155885313
1873	0.0165070407
1874	0.0166559983
1875	0.0169674754
1876	0.0149798645
1877	0.0142878434
1878	0.0162533186
1879	0.0159623455
1880	0.0165365227
1881	0.0146925189
1882	0.0146182124
1883	0.0156911518
1884	0.0155199515
1885	0.0138868466
1886	0.0153844487
1887	0.0153266974
1888	0.0149438353
1889	0.0156780556
1890	0.0151802646
1891	0.0130689759
1892	0.0116148153
1893	0.0122715775
1894	0.0118746553
1895	0.0123423105
1896	0.0112358192
1897	0.0144258607
1898	0.0127077634
1899	0.0105994605
1900	0.0114934435
1901	0.0109537942
1902	0.0119538633
1903	0.0126420818
1904	0.0140605187
1905	0.0123796929
1906	0.0120160319
1907	0.0117119867
1908	0.0108653996
1909	0.0087820124
1910	0.0088904770
1911	0.0099505149
1912	0.0101178922
1913	0.0105592320
1914	0.0114226546
1915	0.0109983385
1916	0.0095649324
1917	0.0100062788
1918	0.0111179631
1919	0.0101024266
1920	0.0096730217
1921	0.0093218945
1922	0.0099317832
1923	0.0088848695
1924	0.0084010689
1925	0.0080438210
1926	0.0076611559
1927	0.0064602229
1928	0.0072691068
1929	0.0082590068
1930	0.0095553007
1931	0.0092973094
1932	0.0095837908
1933	0.0083143217
1934	0.0077685770
1935	0.0072673345
1936	0.0086936392
1937	0.0092085116
1938	0.0077342144
1939	0.0075176116
1940	0.0063892696
1941	0.0066847675
1942	0.0071165320
1943	0.0066194036
1944	0.0069012130
1945	0.0075663212
1946	0.0084977932
1947	0.0083979797
1948	0.0091664176
1949	0.0119920149
1950	0.0120231444
1951	0.0122868745
1952	0.0097093740
1953	0.0091182431
1954	0.0107935332
1955	0.0101748835
1956	0.0105373682
1957	0.0094586965
1958	0.0085365586
1959	0.0100813843
1960	0.0080307750
1961	0.0082721002
1962	0.0086863153
1963	0.0099272244
1964	0.0109642521
1965	0.0100476211
1966	0.0104874419
1967	0.0118861087
1968	0.0119995018
1969	0.0097853988
1970	0.0089908708
1971	0.0101061668
1972	0.0095762312
1973	0.0085422602
1974	0.0093927830
1975	0.0118688205
1976	0.0123079857
1977	0.0100520644
1978	0.0107446536
1979	0.0095645450
1980	0.0071315747
1981	0.0064930986
1982	0.0058305748
1983	0.0063301274
1984	0.0066014947
1985	0.0069238739
1986	0.0066708513
1987	0.0053355601
1988	0.0050882008
1989	0.0049134945
1990	0.0052944361
1991	0.0061633294
1992	0.0059389118
1993	0.0056699663
1994	0.0043515461
1995	0.0049052960
1996	0.0051158802
1997	0.0048890915
1998	0.0048738639
1999	0.0047747283
2000	0.0053169159
