5	0.0010802330
6	0.0009454229
7	0.0008143575
8	0.0006976285
9	0.0009156917
10	0.0022633644
11	0.0016384041
12	0.0017652091
13	0.0014381300
14	0.0020062125
15	0.0036290491
16	0.0087507442
17	0.0117242960
18	0.0047181733
19	0.0029594230
20	0.0032009417
21	0.0036698072
22	0.0025686452
23	0.0021966808
24	0.0023240624
25	0.0024362972
26	0.0014814181
27	0.0010330180
28	0.0012604264
29	0.0012758968
30	0.0010343356
31	0.0012456841
32	0.0014034649
33	0.0013407086
34	0.0013032634
35	0.0017249550
36	0.0015335093
37	0.0015974208
38	0.0013572328
39	0.0011201430
40	0.0012145240
41	0.0014038614
42	0.0018748255
43	0.0023489287
44	0.0023553078
45	0.0018448549
46	0.0016569117
47	0.0015468033
48	0.0017941485
49	0.0021078594
50	0.0019951428
51	0.0016932386
52	0.0013148009
53	0.0013074148
54	0.0012775318
55	0.0013643026
56	0.0013929263
57	0.0017114286
58	0.0017290139
59	0.0017040508
60	0.0020427189
61	0.0028170566
62	0.0039932909
63	0.0034464519
64	0.0028371725
65	0.0031154111
66	0.0040712389
67	0.0039235409
68	0.0041391272
69	0.0036255370
70	0.0035369396
71	0.0032351597
72	0.0025665485
73	0.0029091295
74	0.0025317247
75	0.0023662045
76	0.0023877104
77	0.0026455997
78	0.0025300833
79	0.0027659193
80	0.0030266379
81	0.0026982476
82	0.0028198927
83	0.0029467014
84	0.0027679894
85	0.0020762070
86	0.0019891798
87	0.0015805968
88	0.0013679301
89	0.0013002064
90	0.0015737502
91	0.0016847455
92	0.0012797627
93	0.0013382940
94	0.0014901669
95	0.0015623407
96	0.0015871130
97	0.0015964009
98	0.0017078432
99	0.0020053119
100	0.0019115388
101	0.0040827510
102	0.0051771319
103	0.0044474965
104	0.0043149972
105	0.0032086377
106	0.0030410748
107	0.0031736456
108	0.0029722392
109	0.0029747672
110	0.0029964731
111	0.0035024483
112	0.0029856313
113	0.0031067028
114	0.0031328627
115	0.0035003598
116	0.0027872988
117	0.0028145148
118	0.0030479426
119	0.0030227990
120	0.0032849552
121	0.0031296816
122	0.0032515335
123	0.0038235381
124	0.0037698748
125	0.0035312376
126	0.0032286404
127	0.0031845062
128	0.0033984128
129	0.0034658457
130	0.0031260571
131	0.0029724680
132	0.0031846380
133	0.0032972433
134	0.0034738083
135	0.0036818846
136	0.0054386235
137	0.0045220340
138	0.0040601538
139	0.0038091219
140	0.0033085686
141	0.0031619805
142	0.0034290468
143	0.0035541190
144	0.0035702267
145	0.0041551739
146	0.0036979027
147	0.0043644635
148	0.0048371539
149	0.0041573821
150	0.0040503009
151	0.0049108206
152	0.0058196876
153	0.0059122345
154	0.0064691133
155	0.0067741727
156	0.0071972669
157	0.0072722039
158	0.0076849810
159	0.0079322970
160	0.0073290323
161	0.0073191673
162	0.0077378103
163	0.0091206422
164	0.0074789221
165	0.0056720544
166	0.0054102517
167	0.0039911349
168	0.0032521307
169	0.0024130340
170	0.0018154851
171	0.0018016859
172	0.0026753729
173	0.0017439194
174	0.0015867607
175	0.0011161115
176	0.0008081439
177	0.0008569190
178	0.0007811937
179	0.0008882461
180	0.0008516016
181	0.0008190304
182	0.0007190484
183	0.0006391798
184	0.0022719393
185	0.0068105678
186	0.0052712564
187	0.0028485197
188	0.0018562357
189	0.0017582285
190	0.0023343761
191	0.0028729914
192	0.0039540613
193	0.0052615241
194	0.0060891658
195	0.0047934917
196	0.0024490715
197	0.0019939390
198	0.0023908799
199	0.0025929685
200	0.0024868792
201	0.0026680261
202	0.0025022305
203	0.0028698954
204	0.0029447931
205	0.0029874749
206	0.0027866191
207	0.0021937769
208	0.0026947507
209	0.0033133896
210	0.0022665607
211	0.0023759699
212	0.0017496384
213	0.0011295892
214	0.0012866656
215	0.0017144942
216	0.0012607856
217	0.0012900741
218	0.0014549063
219	0.0013221566
220	0.0012787259
221	0.0017137144
222	0.0016383100
223	0.0013281789
224	0.0016784671
225	0.0019690525
226	0.0019451667
227	0.0016542346
228	0.0016826264
229	0.0020947773
230	0.0017021667
231	0.0016429093
232	0.0017264650
233	0.0017180655
234	0.0021771481
235	0.0025464625
236	0.0023145555
237	0.0023581164
238	0.0021876351
239	0.0018544371
240	0.0021840930
241	0.0025935459
242	0.0020591745
243	0.0019758006
244	0.0021567447
245	0.0017714758
246	0.0019905472
247	0.0018186589
248	0.0020368744
249	0.0018905974
250	0.0020747557
251	0.0024242233
252	0.0022815650
253	0.0024542185
254	0.0024130922
255	0.0025651227
256	0.0025388633
257	0.0034115252
258	0.0039350246
259	0.0037011891
260	0.0045404779
261	0.0045160768
262	0.0046152496
263	0.0047051497
264	0.0053175269
265	0.0061575971
266	0.0073481938
267	0.0068376665
268	0.0068615810
269	0.0071797483
270	0.0080210064
271	0.0079730293
272	0.0094247703
273	0.0096638789
274	0.0109090768
275	0.0130812544
276	0.0110295694
277	0.0097103249
278	0.0106094619
279	0.0099308891
280	0.0093320170
281	0.0099212779
282	0.0084091462
283	0.0076479227
284	0.0075612799
285	0.0080275293
286	0.0088154618
287	0.0100388611
288	0.0114088487
289	0.0082604634
290	0.0088759009
291	0.0087853633
292	0.0077346899
293	0.0060895351
294	0.0069495225
295	0.0072819986
296	0.0067101521
297	0.0058797016
298	0.0072452766
299	0.0072554150
300	0.0063251285
301	0.0069400459
302	0.0060448451
303	0.0065313717
304	0.0056488435
305	0.0064838431
306	0.0061907037
307	0.0056166467
308	0.0058097932
309	0.0051094359
310	0.0062772045
311	0.0057939934
312	0.0045531918
313	0.0043031489
314	0.0032782387
315	0.0027281020
316	0.0029179207
317	0.0032690540
318	0.0033007925
319	0.0036373492
320	0.0047747190
321	0.0048725479
322	0.0051169251
323	0.0050680083
324	0.0049347272
325	0.0060886322
326	0.0070753517
327	0.0057324837
328	0.0053333128
329	0.0043889070
330	0.0044169636
331	0.0052099712
332	0.0049833208
333	0.0047188913
334	0.0052516120
335	0.0066379677
336	0.0058665513
337	0.0063361926
338	0.0058827354
339	0.0049544261
340	0.0046493849
341	0.0057396838
342	0.0064913072
343	0.0056906161
344	0.0057760300
345	0.0063059460
346	0.0087156678
347	0.0149688069
348	0.0111837937
349	0.0088334205
350	0.0071878210
351	0.0073388815
352	0.0074354345
353	0.0081066824
354	0.0081837224
355	0.0090104090
356	0.0096746925
357	0.0109474175
358	0.0106948549
359	0.0110942405
360	0.0104635255
361	0.0104993563
362	0.0110441763
363	0.0117956325
364	0.0144417249
365	0.0130053060
366	0.0120711215
367	0.0128014237
368	0.0142212063
369	0.0148547757
370	0.0217485558
371	0.0193310976
372	0.0152166123
373	0.0143610919
374	0.0154974945
375	0.0151445447
376	0.0144352205
377	0.0148599260
378	0.0173908342
379	0.0180512518
380	0.0164191164
381	0.0142790778
382	0.0157075971
383	0.0163079873
384	0.0159306638
385	0.0176851172
386	0.0194414780
387	0.0185772851
388	0.0188189186
389	0.0255272854
390	0.0245996937
391	0.0246898364
392	0.0295879673
393	0.0310882125
394	0.0341844708
395	0.0337029845
396	0.0288603846
397	0.0264573190
398	0.0280068386
399	0.0259792823
400	0.0217529647
401	0.0201247577
402	0.0224522892
403	0.0201940257
404	0.0167352520
405	0.0156735498
406	0.0177897215
407	0.0159367993
408	0.0131449336
409	0.0132772168
410	0.0143086929
411	0.0131982416
412	0.0122292275
413	0.0118394531
414	0.0132299270
415	0.0141107477
416	0.0154917361
417	0.0143327694
418	0.0134986816
419	0.0135734091
420	0.0137142986
421	0.0126562081
422	0.0118428841
423	0.0119723305
424	0.0126565602
425	0.0130683985
426	0.0123632578
427	0.0122718150
428	0.0124673890
429	0.0129882880
430	0.0133255376
431	0.0143771796
432	0.0173192248
433	0.0173743460
434	0.0200012811
435	0.0212852601
436	0.0222887360
437	0.0238461550
438	0.0265807435
439	0.0283750519
440	0.0296122245
441	0.0308773033
442	0.0331513211
443	0.0338119045
444	0.0335218795
445	0.0334928595
446	0.0355649404
447	0.0358770043
448	0.0347762704
449	0.0370594263
450	0.0369500928
451	0.0325119346
452	0.0385220498
453	0.0423284322
454	0.0402887575
455	0.0425531045
456	0.0433012210
457	0.0403195396
458	0.0463093892
459	0.0512186065
460	0.0541262142
461	0.0537351519
462	0.0539377555
463	0.0571498834
464	0.0622626543
465	0.0702932477
466	0.0711416304
467	0.0705205351
468	0.0841929317
469	0.0866266936
470	0.0944827497
471	0.0915454850
472	0.0978721157
473	0.1013007388
474	0.0965614021
475	0.1000175178
476	0.1016404405
477	0.1010479033
478	0.0994201377
479	0.0961024016
480	0.0987572074
481	0.1145701557
482	0.1156960428
483	0.1088455394
484	0.1187591925
485	0.1164146364
486	0.1195065156
487	0.1148238927
488	0.0970974490
489	0.0923614725
490	0.0930710435
491	0.0889056623
492	0.0918816552
493	0.0943027511
494	0.0896744505
495	0.0850590989
496	0.0855367109
497	0.0902627930
498	0.0897013769
499	0.0946664661
500	0.0815658346
501	0.0778706744
502	0.0820695832
503	0.0832339078
504	0.0864857659
505	0.0896551833
506	0.0843441188
507	0.0926231146
508	0.0903184712
509	0.1086546555
510	0.0971763879
511	0.0995178446
512	0.0959935635
513	0.0922557488
514	0.0967817083
515	0.0973644629
516	0.0930246338
517	0.1140863150
518	0.1257852763
519	0.1163600385
520	0.1217878461
521	0.1150595099
522	0.1018464789
523	0.1232850254
524	0.1551987380
525	0.1194006875
526	0.1280369610
527	0.1381358206
528	0.1316631734
529	0.1471691132
530	0.1607594490
531	0.1712827086
532	0.1673043370
533	0.1693844348
534	0.1863358468
535	0.1783761531
536	0.1502810717
537	0.2039807290
538	0.2159659415
539	0.1849906594
540	0.1729074270
541	0.1739448011
542	0.2046791166
543	0.2236016542
544	0.1915726215
545	0.1841334403
546	0.2008088380
547	0.2265741378
548	0.2058247775
549	0.2119691521
550	0.1670383662
551	0.1752053648
552	0.1655726731
553	0.1741655022
554	0.1205668300
555	0.1412931085
556	0.1400169879
557	0.1398527622
558	0.1408112645
559	0.1333721727
560	0.1130213588
561	0.1232069284
562	0.1184757724
563	0.1035100520
564	0.1035738438
565	0.0942022875
566	0.1017985791
567	0.1186854094
568	0.1136747003
569	0.1238825992
570	0.0934226438
571	0.1075444743
572	0.0979194120
573	0.1063633263
574	0.1101475954
575	0.1016003788
576	0.0872958302
577	0.0846365541
578	0.1090459973
579	0.0871632844
580	0.0934402719
581	0.0912574977
582	0.0893680975
583	0.0876949131
584	0.0860817060
585	0.0880076364
586	0.0970932171
587	0.0911990926
588	0.0788251385
589	0.0817099661
590	0.0853841305
591	0.0886434093
592	0.0846111178
593	0.0741519332
594	0.0645289347
595	0.0804007724
596	0.0790646374
597	0.0757986233
598	0.1069950908
599	0.1092870906
600	0.0839054063
601	0.0670322329
602	0.0726828277
603	0.0989870802
604	0.1016786695
605	0.0954083353
606	0.0805760473
607	0.0761887580
608	0.0761302784
609	0.0725984052
610	0.0750823542
611	0.0683334917
612	0.0677064285
613	0.0605722666
614	0.0595569275
615	0.0543897115
616	0.0653236210
617	0.0625429973
618	0.0633424968
619	0.0583488680
620	0.0461853594
621	0.0574794821
622	0.0431443118
623	0.0391621552
624	0.0406166650
625	0.0499470383
626	0.0517710857
627	0.0385041945
628	0.0383498818
629	0.0348914154
630	0.0345925875
631	0.0290191621
632	0.0277617462
633	0.0281601492
634	0.0298101194
635	0.0297020469
636	0.0314629078
637	0.0310609825
638	0.0246842857
639	0.0240850933
640	0.0228247587
641	0.0240923800
642	0.0235394035
643	0.0253366604
644	0.0323270261
645	0.0274676103
646	0.0256600119
647	0.0271258522
648	0.0279522780
649	0.0250475127
650	0.0243492369
651	0.0269723348
652	0.0334537625
653	0.0247535780
654	0.0261615105
655	0.0280732736
656	0.0256339870
657	0.0237450041
658	0.0265083760
659	0.0252569448
660	0.0245281998
661	0.0258212313
662	0.0219843332
663	0.0239882246
664	0.0234654136
665	0.0268425234
666	0.0267194416
667	0.0260777473
668	0.0234881714
669	0.0262363441
670	0.0285513531
671	0.0342262313
672	0.0281504598
673	0.0244282447
674	0.0243437961
675	0.0256345104
676	0.0239733998
677	0.0261485372
678	0.0254710969
679	0.0257386267
680	0.0218903795
681	0.0217539389
682	0.0219587460
683	0.0256952941
684	0.0257387087
685	0.0216423776
686	0.0269704722
687	0.0272577312
688	0.0272719916
689	0.0267714430
690	0.0302095767
691	0.0281146392
692	0.0306509342
693	0.0281922314
694	0.0233451612
695	0.0255507007
696	0.0380658917
697	0.0360261425
698	0.0324295089
699	0.0297649894
700	0.0389945172
701	0.0339753628
702	0.0305747669
703	0.0331013910
704	0.0363797136
705	0.0390373208
706	0.0395685136
707	0.0288791582
708	0.0226863511
709	0.0226273332
710	0.0289544761
711	0.0297755320
712	0.0266952701
713	0.0276058633
714	0.0257317498
715	0.0227383263
716	0.0215096828
717	0.0223269649
718	0.0219499823
719	0.0220171381
720	0.0260197520
721	0.0205115266
722	0.0214238893
723	0.0205606986
724	0.0174686126
725	0.0198439937
726	0.0221467316
727	0.0175703615
728	0.0173970088
729	0.0170414243
730	0.0196890533
731	0.0202846378
732	0.0184200816
733	0.0170555618
734	0.0179603565
735	0.0193827916
736	0.0198517833
737	0.0182043631
738	0.0153126270
739	0.0141888028
740	0.0166034829
741	0.0172283798
742	0.0195629653
743	0.0162674394
744	0.0179094132
745	0.0165019650
746	0.0195197351
747	0.0171523690
748	0.0200423840
749	0.0170356240
750	0.0150607452
751	0.0178266838
752	0.0185966343
753	0.0148947369
754	0.0152134039
755	0.0143958656
756	0.0150050763
757	0.0153738167
758	0.0164860878
759	0.0209142305
760	0.0265371334
761	0.0216930769
762	0.0220068265
763	0.0277690385
764	0.0312815569
765	0.0374644473
766	0.0325388759
767	0.0276041739
768	0.0301906075
769	0.0361728109
770	0.0406283662
771	0.0340165123
772	0.0278771613
773	0.0321467519
774	0.0279392805
775	0.0233259425
776	0.0240064841
777	0.0222707726
778	0.0209242217
779	0.0232635960
780	0.0224967450
781	0.0248055290
782	0.0254269317
783	0.0240273848
784	0.0271424688
785	0.0311792139
786	0.0367920622
787	0.0331891775
788	0.0233103372
789	0.0222349167
790	0.0235971641
791	0.0222124364
792	0.0228564404
793	0.0216980241
794	0.0194836371
795	0.0178523753
796	0.0190956835
797	0.0212767646
798	0.0170606449
799	0.0168122761
800	0.0172283817
801	0.0198986474
802	0.0183252003
803	0.0160550456
804	0.0160107128
805	0.0174275804
806	0.0210842565
807	0.0216929950
808	0.0151780415
809	0.0160534196
810	0.0131622590
811	0.0129700815
812	0.0190777984
813	0.0223905910
814	0.0176123250
815	0.0183936786
816	0.0178623665
817	0.0171767436
818	0.0160878487
819	0.0191261973
820	0.0175122824
821	0.0167955607
822	0.0176813714
823	0.0178718735
824	0.0154305045
825	0.0170040689
826	0.0192375723
827	0.0153456675
828	0.0177155603
829	0.0206910316
830	0.0214145482
831	0.0174994525
832	0.0170384254
833	0.0204123482
834	0.0273387898
835	0.0287479218
836	0.0240630973
837	0.0251355320
838	0.0228407066
839	0.0237554461
840	0.0277272929
841	0.0353853852
842	0.0462165065
843	0.0432555750
844	0.0433935039
845	0.0566038042
846	0.0576846860
847	0.0667091012
848	0.0621369332
849	0.0614518039
850	0.0569236726
851	0.0484757833
852	0.0415917598
853	0.0358160138
854	0.0419240035
855	0.0401591286
856	0.0405999199
857	0.0350008421
858	0.0335743874
859	0.0360519812
860	0.0261406321
861	0.0246171858
862	0.0343887508
863	0.0279058479
864	0.0235737301
865	0.0283046588
866	0.0263788290
867	0.0207944456
868	0.0202027764
869	0.0242929012
870	0.0248175971
871	0.0256378781
872	0.0233455058
873	0.0260659605
874	0.0195156187
875	0.0145201664
876	0.0187312048
877	0.0163849108
878	0.0137685332
879	0.0120105902
880	0.0135958595
881	0.0119386306
882	0.0107406694
883	0.0142136896
884	0.0136562092
885	0.0107315937
886	0.0098632080
887	0.0087821223
888	0.0092911916
889	0.0093929507
890	0.0108973254
891	0.0107084839
892	0.0086072553
893	0.0097148344
894	0.0097294934
895	0.0101941414
896	0.0079709664
897	0.0095663154
898	0.0089884605
899	0.0090109780
900	0.0102347089
901	0.0120011568
902	0.0121082347
903	0.0103148278
904	0.0083714565
905	0.0073910570
906	0.0084162662
907	0.0085868249
908	0.0101426877
909	0.0095395902
910	0.0097473627
911	0.0094130952
912	0.0094018904
913	0.0094418461
914	0.0082480423
915	0.0089990851
916	0.0115208915
917	0.0106264818
918	0.0076848958
919	0.0083672721
920	0.0116291549
921	0.0112548070
922	0.0110524176
923	0.0130086923
924	0.0132110668
925	0.0133480523
926	0.0133534474
927	0.0122014573
928	0.0129334498
929	0.0172097851
930	0.0223327409
931	0.0186575036
932	0.0166164897
933	0.0163560584
934	0.0168694779
935	0.0138263460
936	0.0127818882
937	0.0124648418
938	0.0147732347
939	0.0127976434
940	0.0115700811
941	0.0130462591
942	0.0165960826
943	0.0212011728
944	0.0178924426
945	0.0151922284
946	0.0140570523
947	0.0129145524
948	0.0101554040
949	0.0110609690
950	0.0108823730
951	0.0121276453
952	0.0121349450
953	0.0108476346
954	0.0108947400
955	0.0106129060
956	0.0119809490
957	0.0121273128
958	0.0104252510
959	0.0090866713
960	0.0101633975
961	0.0117396712
962	0.0120150009
963	0.0126000829
964	0.0147871636
965	0.0163353756
966	0.0145442449
967	0.0167749338
968	0.0138938949
969	0.0145956520
970	0.0142739555
971	0.0157843009
972	0.0162967797
973	0.0162983891
974	0.0172893219
975	0.0238040406
976	0.0255799871
977	0.0270384364
978	0.0321853757
979	0.0351185463
980	0.0387158096
981	0.0437014736
982	0.0471132919
983	0.0421783328
984	0.0529932119
985	0.0589260124
986	0.0566354878
987	0.0448029377
988	0.0361077636
989	0.0340408273
990	0.0328749306
991	0.0305686146
992	0.0275302865
993	0.0233497526
994	0.0252924636
995	0.0258510709
996	0.0209687296
997	0.0194369331
998	0.0181363635
999	0.0139942002
1000	0.0188583955
1001	0.0189020559
1002	0.0162228812
1003	0.0153862499
1004	0.0169715062
1005	0.0135984793
1006	0.0127190212
1007	0.0160886813
1008	0.0170208625
1009	0.0164953955
1010	0.0124346158
1011	0.0115575930
1012	0.0124050165
1013	0.0134533811
1014	0.0137499133
1015	0.0122921588
1016	0.0133183654
1017	0.0126845017
1018	0.0121991970
1019	0.0114530511
1020	0.0108928019
1021	0.0117640207
1022	0.0132689718
1023	0.0118083889
1024	0.0137271471
1025	0.0119944392
1026	0.0115804318
1027	0.0123756770
1028	0.0126069710
1029	0.0126598096
1030	0.0127274776
1031	0.0132348109
1032	0.0125768287
1033	0.0129075889
1034	0.0146016255
1035	0.0132725276
1036	0.0148814693
1037	0.0168327093
1038	0.0148285385
1039	0.0144509207
1040	0.0166179854
1041	0.0169826169
1042	0.0175188687
1043	0.0179867595
1044	0.0192476399
1045	0.0198887587
1046	0.0181714427
1047	0.0179855730
1048	0.0159436613
1049	0.0145500321
1050	0.0137944836
1051	0.0122612976
1052	0.0124840271
1053	0.0122103859
1054	0.0139268627
1055	0.0122751594
1056	0.0110602686
1057	0.0120765967
1058	0.0129288621
1059	0.0118396021
1060	0.0100244135
1061	0.0116518857
1062	0.0150580900
1063	0.0139999203
1064	0.0130937239
1065	0.0107691232
1066	0.0110888612
1067	0.0104188984
1068	0.0110662077
1069	0.0098556345
1070	0.0091185113
1071	0.0101811830
1072	0.0099002402
1073	0.0096041067
1074	0.0104800435
1075	0.0099705067
1076	0.0086638732
1077	0.0081808865
1078	0.0080673806
1079	0.0075541027
1080	0.0068730493
1081	0.0074939975
1082	0.0064311661
1083	0.0065040356
1084	0.0064001796
1085	0.0069855573
1086	0.0059797526
1087	0.0056689885
1088	0.0057438011
1089	0.0078885201
1090	0.0064219711
1091	0.0068344530
1092	0.0077320235
1093	0.0076594353
1094	0.0093195029
1095	0.0102555007
1096	0.0127408030
1097	0.0134542724
1098	0.0121285133
1099	0.0110936314
1100	0.0138220163
1101	0.0125407670
1102	0.0130619630
1103	0.0164116211
1104	0.0192231722
1105	0.0195670091
1106	0.0215266198
1107	0.0241958238
1108	0.0182724260
1109	0.0220161509
1110	0.0192713141
1111	0.0129712922
1112	0.0141365398
1113	0.0125254635
1114	0.0141053861
1115	0.0149365989
1116	0.0149017032
1117	0.0124542061
1118	0.0141695030
1119	0.0144754564
1120	0.0126520833
1121	0.0129421474
1122	0.0111393426
1123	0.0089035369
1124	0.0108036269
1125	0.0118346298
1126	0.0086798044
1127	0.0108531015
1128	0.0076516564
1129	0.0068536131
1130	0.0072204606
1131	0.0080804955
1132	0.0074165831
1133	0.0063620270
1134	0.0067188162
1135	0.0075529269
1136	0.0065347911
1137	0.0064240503
1138	0.0077704350
1139	0.0071677277
1140	0.0062650493
1141	0.0068603116
1142	0.0092800790
1143	0.0081504658
1144	0.0059548439
1145	0.0064815073
1146	0.0069075259
1147	0.0077633616
1148	0.0060624741
1149	0.0081205824
1150	0.0088066366
1151	0.0056652981
1152	0.0060607004
1153	0.0052676052
1154	0.0062528802
1155	0.0072626378
1156	0.0064452272
1157	0.0059824018
1158	0.0050413250
1159	0.0058181346
1160	0.0064521446
1161	0.0063728266
1162	0.0056150057
1163	0.0063788700
1164	0.0071827024
1165	0.0067246174
1166	0.0057969415
1167	0.0059781210
1168	0.0061609815
1169	0.0068434980
1170	0.0071642553
1171	0.0068295877
1172	0.0074123759
1173	0.0057801236
1174	0.0062198825
1175	0.0072595668
1176	0.0078454437
1177	0.0080918362
1178	0.0067273444
1179	0.0061715934
1180	0.0063319495
1181	0.0066062580
1182	0.0059502050
1183	0.0055902903
1184	0.0062915082
1185	0.0075650411
1186	0.0069996673
1187	0.0067319497
1188	0.0079893749
1189	0.0074323094
1190	0.0063189957
1191	0.0059785433
1192	0.0078631192
1193	0.0075700162
1194	0.0089861285
1195	0.0087360004
1196	0.0076657054
1197	0.0072997059
1198	0.0073443512
1199	0.0077086077
1200	0.0076766857
1201	0.0099971024
1202	0.0087676588
1203	0.0076250788
1204	0.0086710397
1205	0.0075364942
1206	0.0092094298
1207	0.0107712671
1208	0.0083358698
1209	0.0103206970
1210	0.0129319597
1211	0.0109691294
1212	0.0132372659
1213	0.0134532126
1214	0.0111186597
1215	0.0119252782
1216	0.0147382766
1217	0.0122909732
1218	0.0135424919
1219	0.0108774239
1220	0.0163143016
1221	0.0201719292
1222	0.0163024720
1223	0.0152511448
1224	0.0165738109
1225	0.0185628086
1226	0.0197405498
1227	0.0193126295
1228	0.0193480607
1229	0.0223306026
1230	0.0213391222
1231	0.0219679736
1232	0.0289145019
1233	0.0318703093
1234	0.0290734582
1235	0.0276405010
1236	0.0311325770
1237	0.0288930256
1238	0.0308351349
1239	0.0245880894
1240	0.0252445266
1241	0.0225183796
1242	0.0230093412
1243	0.0311396681
1244	0.0271731541
1245	0.0385118984
1246	0.0370621495
1247	0.0308670029
1248	0.0348463878
1249	0.0307571013
1250	0.0266884416
1251	0.0284046605
1252	0.0303613506
1253	0.0253142919
1254	0.0266378261
1255	0.0259503275
1256	0.0273612775
1257	0.0255593471
1258	0.0301315226
1259	0.0372093879
1260	0.0316643305
1261	0.0306417737
1262	0.0357793048
1263	0.0312740244
1264	0.0300013218
1265	0.0230070353
1266	0.0222837981
1267	0.0241409354
1268	0.0244663432
1269	0.0226846430
1270	0.0172481034
1271	0.0200961325
1272	0.0180145465
1273	0.0240373705
1274	0.0227264166
1275	0.0176113062
1276	0.0144864079
1277	0.0151976012
1278	0.0196797587
1279	0.0196687859
1280	0.0224731974
1281	0.0211342964
1282	0.0209957752
1283	0.0150019629
1284	0.0187054314
1285	0.0235803481
1286	0.0216815080
1287	0.0170907080
1288	0.0155534688
1289	0.0139169442
1290	0.0107165193
1291	0.0097686881
1292	0.0096109817
1293	0.0111150760
1294	0.0097900797
1295	0.0090145655
1296	0.0086800195
1297	0.0076855859
1298	0.0070737745
1299	0.0080989338
1300	0.0081291664
1301	0.0073343096
1302	0.0082315970
1303	0.0073764324
1304	0.0072650719
1305	0.0065277736
1306	0.0062305755
1307	0.0065629869
1308	0.0075022960
1309	0.0062302575
1310	0.0068836799
1311	0.0065620993
1312	0.0062923399
1313	0.0068772216
1314	0.0072768210
1315	0.0076471278
1316	0.0067171105
1317	0.0062808376
1318	0.0067914999
1319	0.0083363065
1320	0.0067995782
1321	0.0063672666
1322	0.0064938525
1323	0.0067580426
1324	0.0073389802
1325	0.0074874312
1326	0.0075973072
1327	0.0082083996
1328	0.0071230303
1329	0.0076296590
1330	0.0079834554
1331	0.0082097081
1332	0.0076918914
1333	0.0070858686
1334	0.0074229073
1335	0.0107608875
1336	0.0085289888
1337	0.0097831963
1338	0.0084137283
1339	0.0088094939
1340	0.0093202796
1341	0.0097079976
1342	0.0095672794
1343	0.0104668830
1344	0.0114641497
1345	0.0093388502
1346	0.0090739178
1347	0.0102130780
1348	0.0097994525
1349	0.0098342551
1350	0.0121081369
1351	0.0121579673
1352	0.0097168079
1353	0.0096259657
1354	0.0116436183
1355	0.0114462571
1356	0.0112861739
1357	0.0117823714
1358	0.0121225286
1359	0.0122307139
1360	0.0098961415
1361	0.0091490531
1362	0.0118927807
1363	0.0180855971
1364	0.0163040459
1365	0.0129796471
1366	0.0129805235
1367	0.0105263339
1368	0.0126934396
1369	0.0124835018
1370	0.0114292679
1371	0.0116319889
1372	0.0128352158
1373	0.0103010470
1374	0.0113518937
1375	0.0125558525
1376	0.0129933748
1377	0.0130775841
1378	0.0136665031
1379	0.0117862476
1380	0.0092496015
1381	0.0092593059
1382	0.0098401941
1383	0.0113466261
1384	0.0104956683
1385	0.0116234943
1386	0.0110388659
1387	0.0119080627
1388	0.0101115499
1389	0.0115134977
1390	0.0109541584
1391	0.0099629341
1392	0.0112592941
1393	0.0096371612
1394	0.0115269776
1395	0.0113399662
1396	0.0121250600
1397	0.0103574023
1398	0.0108111249
1399	0.0113490922
1400	0.0105519313
1401	0.0119210128
1402	0.0109010953
1403	0.0108628012
1404	0.0100638838
1405	0.0104070567
1406	0.0084172105
1407	0.0088051967
1408	0.0092766862
1409	0.0101081086
1410	0.0079348907
1411	0.0071419193
1412	0.0083088689
1413	0.0095623229
1414	0.0082725948
1415	0.0085436627
1416	0.0108285770
1417	0.0120153390
1418	0.0099093532
1419	0.0088241417
1420	0.0086749597
1421	0.0094223497
1422	0.0079780323
1423	0.0079106949
1424	0.0075582317
1425	0.0079848114
1426	0.0093632396
1427	0.0093266657
1428	0.0095668053
1429	0.0094843274
1430	0.0087091085
1431	0.0090868725
1432	0.0085450793
1433	0.0079322858
1434	0.0077487794
1435	0.0079550641
1436	0.0081425318
1437	0.0068832757
1438	0.0069192615
1439	0.0072941608
1440	0.0075826352
1441	0.0079955691
1442	0.0076174885
1443	0.0079730405
1444	0.0072458996
1445	0.0072574448
1446	0.0074205725
1447	0.0080760652
1448	0.0070553054
1449	0.0066996561
1450	0.0078617884
1451	0.0099238483
1452	0.0094441762
1453	0.0089072669
1454	0.0086467899
1455	0.0073956153
1456	0.0091147702
1457	0.0104501266
1458	0.0093686869
1459	0.0105288997
1460	0.0107785044
1461	0.0099390913
1462	0.0103943003
1463	0.0097007630
1464	0.0094901808
1465	0.0094873402
1466	0.0105643263
1467	0.0123380981
1468	0.0110039255
1469	0.0117655192
1470	0.0107071055
1471	0.0100678187
1472	0.0114464248
1473	0.0102827447
1474	0.0111588966
1475	0.0117576411
1476	0.0101365941
1477	0.0102357604
1478	0.0100861769
1479	0.0110818408
1480	0.0113094458
1481	0.0113928141
1482	0.0131054064
1483	0.0124215493
1484	0.0114576202
1485	0.0101756258
1486	0.0094376663
1487	0.0102579212
1488	0.0120802680
1489	0.0113138277
1490	0.0113148838
1491	0.0141217681
1492	0.0122603681
1493	0.0129045518
1494	0.0133690964
1495	0.0143756792
1496	0.0152619882
1497	0.0150133613
1498	0.0171179324
1499	0.0163097847
1500	0.0167049300
1501	0.0158412494
1502	0.0122043015
1503	0.0153262047
1504	0.0214080140
1505	0.0183014516
1506	0.0196760744
1507	0.0241484065
1508	0.0235974565
1509	0.0246384498
1510	0.0237077735
1511	0.0222134348
1512	0.0243825447
1513	0.0293906555
1514	0.0265059713
1515	0.0196990613
1516	0.0254978351
1517	0.0319107734
1518	0.0291821491
1519	0.0231191833
1520	0.0233135149
1521	0.0248876400
1522	0.0199978165
1523	0.0196466409
1524	0.0173685290
1525	0.0155893350
1526	0.0166583061
1527	0.0119480472
1528	0.0093483273
1529	0.0096931169
1530	0.0096883308
1531	0.0122828763
1532	0.0135453837
1533	0.0123522021
1534	0.0096803317
1535	0.0076040588
1536	0.0074040219
1537	0.0082959579
1538	0.0076016039
1539	0.0056395489
1540	0.0060361559
1541	0.0074176220
1542	0.0053913058
1543	0.0054186895
1544	0.0047571901
1545	0.0040985546
1546	0.0035710998
1547	0.0038918499
1548	0.0044171079
1549	0.0046618115
1550	0.0039504976
1551	0.0043695918
1552	0.0046119248
1553	0.0046836021
1554	0.0041978103
1555	0.0044078883
1556	0.0045288657
1557	0.0044152262
1558	0.0043463036
1559	0.0038789152
1560	0.0044902861
1561	0.0050037755
1562	0.0047162166
1563	0.0041939616
1564	0.0036370913
1565	0.0044137877
1566	0.0042046439
1567	0.0040200688
1568	0.0044030803
1569	0.0039025447
1570	0.0048286398
1571	0.0056708246
1572	0.0059166248
1573	0.0051994338
1574	0.0043364000
1575	0.0050397683
1576	0.0049800682
1577	0.0051791989
1578	0.0043986021
1579	0.0054039503
1580	0.0062082922
1581	0.0055535403
1582	0.0050422722
1583	0.0051003955
1584	0.0052619986
1585	0.0055383081
1586	0.0062614670
1587	0.0071280287
1588	0.0071232887
1589	0.0070533170
1590	0.0065327222
1591	0.0067123077
1592	0.0070343749
1593	0.0071506100
1594	0.0078999223
1595	0.0096189817
1596	0.0095673753
1597	0.0087367613
1598	0.0100271665
1599	0.0113947475
1600	0.0127971834
1601	0.0106885955
1602	0.0099710766
1603	0.0110106962
1604	0.0113289747
1605	0.0115824705
1606	0.0091413474
1607	0.0091758799
1608	0.0104445824
1609	0.0116077727
1610	0.0112186726
1611	0.0130610829
1612	0.0120051056
1613	0.0126861306
1614	0.0111704003
1615	0.0150045007
1616	0.0138966665
1617	0.0151601583
1618	0.0151278963
1619	0.0118551385
1620	0.0128400363
1621	0.0133388750
1622	0.0147038596
1623	0.0142610157
1624	0.0116600422
1625	0.0114379367
1626	0.0149276294
1627	0.0157239269
1628	0.0144479256
1629	0.0157896951
1630	0.0157645103
1631	0.0189948697
1632	0.0176405925
1633	0.0189912226
1634	0.0234672129
1635	0.0204087663
1636	0.0178125519
1637	0.0164020155
1638	0.0169748757
1639	0.0171238501
1640	0.0171921402
1641	0.0169373211
1642	0.0207335185
1643	0.0253633633
1644	0.0202695243
1645	0.0183236804
1646	0.0216474719
1647	0.0215930231
1648	0.0181930307
1649	0.0212006401
1650	0.0233797077
1651	0.0275219716
1652	0.0247499831
1653	0.0259036589
1654	0.0266710110
1655	0.0310883317
1656	0.0294050556
1657	0.0207156949
1658	0.0235433951
1659	0.0266883522
1660	0.0266334806
1661	0.0298656691
1662	0.0277170893
1663	0.0314735025
1664	0.0361214094
1665	0.0296584181
1666	0.0226386953
1667	0.0267226566
1668	0.0266786050
1669	0.0297010075
1670	0.0316754021
1671	0.0309967082
1672	0.0287111923
1673	0.0270724781
1674	0.0321195237
1675	0.0352714770
1676	0.0342767239
1677	0.0264657754
1678	0.0249916110
1679	0.0272233710
1680	0.0282565206
1681	0.0243085418
1682	0.0234403796
1683	0.0235704426
1684	0.0263113044
1685	0.0252434630
1686	0.0239034556
1687	0.0279855262
1688	0.0335610695
1689	0.0306689907
1690	0.0296520013
1691	0.0317899659
1692	0.0332493894
1693	0.0292217061
1694	0.0317869708
1695	0.0292529333
1696	0.0332185850
1697	0.0311694834
1698	0.0303993337
1699	0.0251737330
1700	0.0334201679
1701	0.0334451534
1702	0.0315517224
1703	0.0360994712
1704	0.0341410749
1705	0.0291992519
1706	0.0298138931
1707	0.0290465504
1708	0.0262614097
1709	0.0288982671
1710	0.0306775533
1711	0.0330818407
1712	0.0369917341
1713	0.0368208997
1714	0.0328429379
1715	0.0345670395
1716	0.0287219118
1717	0.0287983306
1718	0.0310570970
1719	0.0358562395
1720	0.0268316865
1721	0.0236620549
1722	0.0244130436
1723	0.0231783111
1724	0.0222333148
1725	0.0194081441
1726	0.0237599593
1727	0.0249393024
1728	0.0227911193
1729	0.0201892052
1730	0.0242738910
1731	0.0252129808
1732	0.0189240258
1733	0.0159745049
1734	0.0174190085
1735	0.0242060199
1736	0.0214986093
1737	0.0189964380
1738	0.0186225940
1739	0.0165056214
1740	0.0166880991
1741	0.0186638106
1742	0.0186237246
1743	0.0183731951
1744	0.0199132562
1745	0.0203758124
1746	0.0166247915
1747	0.0144285057
1748	0.0190523081
1749	0.0216824673
1750	0.0180691872
1751	0.0185428746
1752	0.0182805620
1753	0.0176602546
1754	0.0189300030
1755	0.0170187354
1756	0.0145734223
1757	0.0133689456
1758	0.0158207063
1759	0.0160691291
1760	0.0161511227
1761	0.0152295893
1762	0.0157332513
1763	0.0142491059
1764	0.0138052590
1765	0.0128917024
1766	0.0141290631
1767	0.0131460559
1768	0.0149525311
1769	0.0134457219
1770	0.0138817923
1771	0.0146796601
1772	0.0153541807
1773	0.0148660978
1774	0.0119645549
1775	0.0103156893
1776	0.0108979754
1777	0.0124378148
1778	0.0125443237
1779	0.0147267412
1780	0.0126995500
1781	0.0101596639
1782	0.0102055511
1783	0.0121685686
1784	0.0131689133
1785	0.0105020972
1786	0.0130312117
1787	0.0098320544
1788	0.0091430526
1789	0.0099782003
1790	0.0090005193
1791	0.0089492919
1792	0.0107706133
1793	0.0087258359
1794	0.0074476199
1795	0.0091908202
1796	0.0119304247
1797	0.0101345768
1798	0.0100315828
1799	0.0092836851
1800	0.0081693819
1801	0.0086733382
1802	0.0068092006
1803	0.0070313495
1804	0.0076973881
1805	0.0081786038
1806	0.0068591512
1807	0.0069502173
1808	0.0077778124
1809	0.0080387332
1810	0.0050013773
1811	0.0060281791
1812	0.0079966551
1813	0.0062035783
1814	0.0050202054
1815	0.0056673996
1816	0.0055826912
1817	0.0055344128
1818	0.0058600823
1819	0.0057075219
1820	0.0063743708
1821	0.0052648373
1822	0.0055074780
1823	0.0054810094
1824	0.0055255052
1825	0.0057225623
1826	0.0047296965
1827	0.0044719456
1828	0.0058262604
1829	0.0054168222
1830	0.0050643571
1831	0.0049022636
1832	0.0043901098
1833	0.0039911638
1834	0.0045989561
1835	0.0044215415
1836	0.0041532503
1837	0.0040639909
1838	0.0041771512
1839	0.0039298641
1840	0.0043776189
1841	0.0041853343
1842	0.0050414703
1843	0.0035588250
1844	0.0042420411
1845	0.0046145655
1846	0.0056126281
1847	0.0058858525
1848	0.0050593368
1849	0.0049795983
1850	0.0040145987
1851	0.0039095418
1852	0.0044918628
1853	0.0049912627
1854	0.0044444911
1855	0.0043920884
1856	0.0042630471
1857	0.0038531194
1858	0.0041522156
1859	0.0041217278
1860	0.0036886723
1861	0.0038796754
1862	0.0038804030
1863	0.0047409977
1864	0.0044352072
1865	0.0050347392
1866	0.0047268858
1867	0.0040862984
1868	0.0039723674
1869	0.0040426203
1870	0.0048023071
1871	0.0045427047
1872	0.0037862619
1873	0.0037637597
1874	0.0038573151
1875	0.0036371313
1876	0.0037212204
1877	0.0035834911
1878	0.0036340011
1879	0.0036404571
1880	0.0041960189
1881	0.0039080358
1882	0.0038423354
1883	0.0046435934
1884	0.0038373850
1885	0.0036277419
1886	0.0039914213
1887	0.0043623238
1888	0.0040339814
1889	0.0038994527
1890	0.0041838107
1891	0.0047290227
1892	0.0043572094
1893	0.0044825044
1894	0.0055486560
1895	0.0051913043
1896	0.0044160704
1897	0.0043358468
1898	0.0045026848
1899	0.0044125482
1900	0.0051762089
1901	0.0051568341
1902	0.0051374943
1903	0.0049667656
1904	0.0056051500
1905	0.0048423177
1906	0.0057463148
1907	0.0062043602
1908	0.0046209432
1909	0.0057345778
1910	0.0053163790
1911	0.0061725387
1912	0.0053909472
1913	0.0052167331
1914	0.0056119738
1915	0.0056712078
1916	0.0052970983
1917	0.0055912677
1918	0.0063194572
1919	0.0063098352
1920	0.0066875820
1921	0.0061248080
1922	0.0054625906
1923	0.0058737039
1924	0.0047540534
1925	0.0047989651
1926	0.0059911786
1927	0.0077683297
1928	0.0076652877
1929	0.0066738939
1930	0.0077353232
1931	0.0075350031
1932	0.0058694840
1933	0.0063581672
1934	0.0079956716
1935	0.0088406792
1936	0.0077916752
1937	0.0072321212
1938	0.0071731620
1939	0.0074126567
1940	0.0074261669
1941	0.0081016831
1942	0.0080421818
1943	0.0071642692
1944	0.0070920228
1945	0.0076439595
1946	0.0078979647
1947	0.0084222062
1948	0.0081652394
1949	0.0096314130
1950	0.0108436234
1951	0.0090183169
1952	0.0087280395
1953	0.0075902534
1954	0.0090278713
1955	0.0102650784
1956	0.0117054051
1957	0.0092892731
1958	0.0092104599
1959	0.0078517282
1960	0.0069853347
1961	0.0082654683
1962	0.0083002951
1963	0.0089781163
1964	0.0078606373
1965	0.0075538382
1966	0.0072800601
1967	0.0077950126
1968	0.0067071090
1969	0.0073109306
1970	0.0081183109
1971	0.0085008591
1972	0.0076186387
1973	0.0067486195
1974	0.0078175273
1975	0.0074716322
1976	0.0072965152
1977	0.0062677893
1978	0.0076704067
1979	0.0087554259
1980	0.0100070210
1981	0.0100996327
1982	0.0097836247
1983	0.0076068747
1984	0.0073756054
1985	0.0090086767
1986	0.0083854264
1987	0.0067430749
1988	0.0073597827
1989	0.0078553632
1990	0.0088184131
1991	0.0090348003
1992	0.0087279463
1993	0.0083405627
1994	0.0086960830
1995	0.0078678513
1996	0.0079405513
1997	0.0074860961
1998	0.0082731107
1999	0.0089565786
2000	0.0077594533
