5	0.0000301830
6	0.0000247310
7	0.0000719013
8	0.0001363351
9	0.0000971257
10	0.0000727820
11	0.0001535927
12	0.0002369043
13	0.0004862658
14	0.0006617101
15	0.0008543757
16	0.0004391781
17	0.0003050318
18	0.0002890462
19	0.0003995196
20	0.0003561342
21	0.0002975827
22	0.0001314186
23	0.0000656664
24	0.0000777546
25	0.0001240568
26	0.0001653932
27	0.0001602299
28	0.0001365727
29	0.0001804335
30	0.0001628621
31	0.0001831142
32	0.0002076044
33	0.0001880756
34	0.0001708341
35	0.0002232897
36	0.0002661754
37	0.0002478141
38	0.0003027737
39	0.0002524570
40	0.0002583448
41	0.0002511742
42	0.0002717079
43	0.0002120068
44	0.0001368695
45	0.0001305031
46	0.0001089942
47	0.0000818983
48	0.0000594147
49	0.0000513330
50	0.0000467125
51	0.0000372385
52	0.0000364581
53	0.0000439733
54	0.0000438074
55	0.0000557746
56	0.0000671842
57	0.0000676511
58	0.0000792365
59	0.0001073171
60	0.0001131050
61	0.0001192749
62	0.0001069653
63	0.0001389877
64	0.0001393469
65	0.0001372860
66	0.0001388933
67	0.0001122527
68	0.0001625637
69	0.0001364939
70	0.0001217217
71	0.0001344524
72	0.0001864372
73	0.0002197632
74	0.0001700408
75	0.0002368815
76	0.0002736579
77	0.0002598263
78	0.0003726610
79	0.0004452594
80	0.0004755630
81	0.0004828821
82	0.0004953147
83	0.0006243387
84	0.0005864606
85	0.0005296307
86	0.0005715548
87	0.0006339949
88	0.0005753119
89	0.0005258703
90	0.0005006629
91	0.0004238950
92	0.0005063313
93	0.0004660350
94	0.0005574545
95	0.0007425059
96	0.0008077258
97	0.0006551046
98	0.0007110044
99	0.0008581908
100	0.0009974113
101	0.0011969011
102	0.0014923806
103	0.0013211843
104	0.0011944696
105	0.0010725728
106	0.0010619544
107	0.0011411080
108	0.0010091553
109	0.0009365104
110	0.0009337630
111	0.0008062842
112	0.0005738729
113	0.0006456748
114	0.0006459826
115	0.0005308406
116	0.0005474660
117	0.0005807432
118	0.0005919652
119	0.0006023226
120	0.0006124498
121	0.0004960282
122	0.0004593057
123	0.0004924210
124	0.0004721774
125	0.0005677180
126	0.0004789238
127	0.0004466413
128	0.0005730662
129	0.0004962028
130	0.0005027759
131	0.0006430127
132	0.0007411067
133	0.0006790744
134	0.0005213772
135	0.0008011603
136	0.0010190018
137	0.0006603263
138	0.0005018715
139	0.0005215693
140	0.0004347641
141	0.0004331269
142	0.0003807496
143	0.0003636935
144	0.0003575975
145	0.0003000458
146	0.0002532143
147	0.0002526335
148	0.0002049151
149	0.0001958080
150	0.0001909728
151	0.0001466758
152	0.0001717668
153	0.0001858975
154	0.0002385055
155	0.0003412270
156	0.0004875559
157	0.0006702832
158	0.0009808283
159	0.0012056122
160	0.0013172411
161	0.0014929906
162	0.0017753844
163	0.0018002955
164	0.0019159359
165	0.0018969767
166	0.0020288790
167	0.0021187954
168	0.0021887836
169	0.0021679136
170	0.0017012735
171	0.0013470746
172	0.0014942933
173	0.0014318579
174	0.0011678556
175	0.0010388397
176	0.0006840177
177	0.0006944055
178	0.0005614101
179	0.0005628508
180	0.0004998349
181	0.0004316819
182	0.0002881886
183	0.0003139500
184	0.0010172493
185	0.0028726084
186	0.0017107080
187	0.0004540584
188	0.0001318240
189	0.0001229039
190	0.0001466939
191	0.0001652258
192	0.0001713256
193	0.0002564892
194	0.0001939496
195	0.0001400363
196	0.0001040102
197	0.0001219657
198	0.0001171212
199	0.0001069587
200	0.0001036347
201	0.0000779335
202	0.0000761582
203	0.0000784784
204	0.0000884619
205	0.0001161826
206	0.0001271538
207	0.0001241504
208	0.0001709056
209	0.0002015660
210	0.0001777253
211	0.0002063451
212	0.0002228576
213	0.0001578602
214	0.0001743161
215	0.0001911965
216	0.0001687311
217	0.0001716632
218	0.0002072035
219	0.0001978263
220	0.0001952958
221	0.0002067987
222	0.0002050501
223	0.0001761583
224	0.0002014381
225	0.0001932776
226	0.0001573663
227	0.0001808688
228	0.0002188400
229	0.0002089640
230	0.0001455603
231	0.0001110384
232	0.0001144591
233	0.0001225975
234	0.0001616328
235	0.0001581023
236	0.0001464300
237	0.0001659310
238	0.0001678075
239	0.0001325058
240	0.0001722931
241	0.0002086576
242	0.0001754960
243	0.0001631492
244	0.0001717132
245	0.0001692704
246	0.0001412522
247	0.0001259715
248	0.0001515612
249	0.0001986758
250	0.0002443561
251	0.0002494003
252	0.0001848322
253	0.0001770702
254	0.0001494219
255	0.0002282442
256	0.0002598164
257	0.0001739802
258	0.0001609676
259	0.0002553906
260	0.0003216982
261	0.0003051343
262	0.0002553391
263	0.0002500948
264	0.0002156779
265	0.0002692449
266	0.0003189353
267	0.0002665228
268	0.0002728589
269	0.0003412019
270	0.0003200266
271	0.0002862929
272	0.0002884746
273	0.0003032017
274	0.0003343445
275	0.0003206027
276	0.0003277159
277	0.0002990224
278	0.0002566682
279	0.0002391069
280	0.0002019975
281	0.0001976903
282	0.0002286151
283	0.0002114109
284	0.0002167372
285	0.0001870826
286	0.0001793085
287	0.0001563734
288	0.0001609066
289	0.0002025887
290	0.0002012031
291	0.0001892225
292	0.0001691098
293	0.0001699023
294	0.0002012718
295	0.0002103882
296	0.0002071238
297	0.0001730550
298	0.0001667821
299	0.0001988083
300	0.0002477372
301	0.0002563823
302	0.0002765669
303	0.0003321163
304	0.0003633165
305	0.0004406057
306	0.0004747750
307	0.0006726885
308	0.0006624736
309	0.0005342314
310	0.0007428057
311	0.0005883498
312	0.0006186173
313	0.0008019136
314	0.0011875166
315	0.0015788545
316	0.0016928926
317	0.0020400914
318	0.0019901344
319	0.0015139666
320	0.0010989162
321	0.0009356723
322	0.0008819935
323	0.0008562141
324	0.0007013829
325	0.0005132767
326	0.0004942964
327	0.0005553479
328	0.0006024463
329	0.0005178200
330	0.0004755959
331	0.0004921482
332	0.0006809582
333	0.0006487079
334	0.0006573534
335	0.0006865892
336	0.0005295469
337	0.0005193595
338	0.0005791599
339	0.0006152568
340	0.0006027370
341	0.0006453695
342	0.0006182482
343	0.0005799340
344	0.0005884311
345	0.0007146869
346	0.0008336128
347	0.0008927168
348	0.0008892840
349	0.0009407732
350	0.0009836614
351	0.0009511470
352	0.0011377879
353	0.0013938738
354	0.0013942014
355	0.0013667691
356	0.0014034503
357	0.0017110344
358	0.0015404214
359	0.0015224512
360	0.0015024708
361	0.0014881558
362	0.0015885445
363	0.0019132396
364	0.0020230541
365	0.0018926081
366	0.0018961780
367	0.0021374936
368	0.0024725704
369	0.0023281542
370	0.0021341792
371	0.0020080335
372	0.0022176525
373	0.0023850102
374	0.0026248738
375	0.0029213380
376	0.0029438469
377	0.0035069471
378	0.0046030786
379	0.0045803902
380	0.0030585472
381	0.0031914536
382	0.0031462165
383	0.0031124158
384	0.0030090588
385	0.0032425178
386	0.0031984071
387	0.0034458237
388	0.0031869835
389	0.0031624327
390	0.0034736949
391	0.0039296746
392	0.0035857009
393	0.0038747061
394	0.0041130129
395	0.0038461089
396	0.0044650338
397	0.0047046482
398	0.0060294424
399	0.0064719645
400	0.0062872740
401	0.0063078003
402	0.0075491141
403	0.0073872036
404	0.0087289363
405	0.0098612485
406	0.0093040513
407	0.0104829529
408	0.0130444504
409	0.0125215445
410	0.0119880084
411	0.0125790341
412	0.0145334546
413	0.0164353047
414	0.0168550648
415	0.0216006637
416	0.0236882232
417	0.0213261303
418	0.0205295887
419	0.0238975510
420	0.0214050580
421	0.0189943817
422	0.0219763853
423	0.0241613593
424	0.0222266857
425	0.0248598140
426	0.0238725822
427	0.0213263594
428	0.0295096580
429	0.0248103775
430	0.0199568868
431	0.0222133659
432	0.0274215471
433	0.0204465054
434	0.0190992840
435	0.0223646797
436	0.0222581048
437	0.0207872447
438	0.0248830803
439	0.0257622898
440	0.0208592806
441	0.0259571522
442	0.0312721208
443	0.0369401909
444	0.0323389173
445	0.0395936258
446	0.0348441899
447	0.0294615738
448	0.0319046415
449	0.0339661837
450	0.0257348605
451	0.0324753001
452	0.0262418222
453	0.0228129942
454	0.0228622723
455	0.0189309679
456	0.0175957847
457	0.0216608848
458	0.0239378363
459	0.0209845211
460	0.0226586014
461	0.0220471974
462	0.0231778231
463	0.0299054906
464	0.0271104053
465	0.0288989674
466	0.0311844870
467	0.0308939833
468	0.0337252468
469	0.0336868651
470	0.0342323035
471	0.0322728716
472	0.0339474380
473	0.0381840505
474	0.0340727381
475	0.0327451937
476	0.0359806791
477	0.0319070034
478	0.0398847796
479	0.0345721655
480	0.0296403244
481	0.0277035404
482	0.0277798828
483	0.0271530207
484	0.0281969737
485	0.0352585167
486	0.0323073454
487	0.0297814086
488	0.0322812200
489	0.0314322151
490	0.0244478900
491	0.0249846037
492	0.0248653293
493	0.0242470596
494	0.0180045441
495	0.0197274182
496	0.0218909103
497	0.0205744971
498	0.0206966512
499	0.0199296363
500	0.0182467308
501	0.0153860012
502	0.0159960706
503	0.0164444894
504	0.0189535636
505	0.0144202299
506	0.0135729304
507	0.0126876198
508	0.0127677685
509	0.0143620763
510	0.0139568802
511	0.0120019186
512	0.0125112999
513	0.0118609993
514	0.0138870161
515	0.0117932558
516	0.0113467220
517	0.0128532862
518	0.0143727399
519	0.0127987945
520	0.0139745334
521	0.0152852358
522	0.0151017895
523	0.0116581274
524	0.0142115699
525	0.0189472530
526	0.0147901271
527	0.0130842710
528	0.0191496350
529	0.0230730716
530	0.0147259738
531	0.0147754103
532	0.0130616184
533	0.0146164028
534	0.0135733085
535	0.0167237427
536	0.0130610093
537	0.0132616181
538	0.0129174478
539	0.0115540372
540	0.0107838968
541	0.0123772165
542	0.0112076225
543	0.0134644192
544	0.0136852488
545	0.0113201663
546	0.0115430485
547	0.0103066340
548	0.0103609720
549	0.0127361482
550	0.0123616839
551	0.0136178210
552	0.0121880788
553	0.0129494080
554	0.0103103369
555	0.0148540866
556	0.0164315831
557	0.0146370474
558	0.0151884463
559	0.0135119064
560	0.0147472247
561	0.0170607232
562	0.0162229203
563	0.0137930941
564	0.0131769357
565	0.0134430267
566	0.0128245698
567	0.0140969763
568	0.0114683667
569	0.0099844104
570	0.0102652144
571	0.0105366241
572	0.0103902314
573	0.0111636259
574	0.0105246780
575	0.0098839644
576	0.0096787363
577	0.0090939477
578	0.0093493545
579	0.0092403926
580	0.0081793675
581	0.0073979697
582	0.0078605609
583	0.0071029891
584	0.0075686094
585	0.0074245329
586	0.0080210986
587	0.0084331147
588	0.0078368783
589	0.0083880704
590	0.0085850330
591	0.0085333763
592	0.0078852186
593	0.0070186388
594	0.0067029619
595	0.0069666235
596	0.0068111294
597	0.0075139408
598	0.0078489548
599	0.0087716607
600	0.0082432972
601	0.0062442934
602	0.0055330540
603	0.0070837517
604	0.0076996004
605	0.0069249230
606	0.0072299805
607	0.0060768086
608	0.0075893626
609	0.0058370098
610	0.0057752691
611	0.0061501293
612	0.0065169358
613	0.0060033374
614	0.0059393980
615	0.0070290398
616	0.0069895103
617	0.0076978370
618	0.0061441781
619	0.0062248362
620	0.0070635951
621	0.0069919322
622	0.0064139646
623	0.0052920445
624	0.0061591961
625	0.0053103673
626	0.0051083537
627	0.0067321570
628	0.0054812352
629	0.0056365677
630	0.0067253453
631	0.0058083003
632	0.0051861438
633	0.0045623314
634	0.0053222771
635	0.0062048910
636	0.0054944460
637	0.0060692150
638	0.0060736444
639	0.0053111338
640	0.0053581772
641	0.0046765986
642	0.0054913568
643	0.0067294249
644	0.0049932068
645	0.0046809381
646	0.0053326394
647	0.0079696542
648	0.0063221762
649	0.0059389877
650	0.0066949748
651	0.0070453933
652	0.0077850036
653	0.0093186377
654	0.0087103844
655	0.0065822224
656	0.0061826059
657	0.0059861317
658	0.0055009555
659	0.0045598187
660	0.0050770580
661	0.0055476939
662	0.0050309389
663	0.0048421836
664	0.0045011691
665	0.0048464839
666	0.0051988028
667	0.0050076903
668	0.0050890781
669	0.0050400789
670	0.0054164571
671	0.0053935405
672	0.0051491885
673	0.0058886493
674	0.0067478446
675	0.0064593116
676	0.0067310245
677	0.0062642591
678	0.0062886043
679	0.0067111840
680	0.0055502271
681	0.0058252513
682	0.0057435017
683	0.0056144022
684	0.0055919047
685	0.0051555489
686	0.0055756965
687	0.0063427836
688	0.0065304968
689	0.0055096350
690	0.0050275810
691	0.0068293903
692	0.0065308404
693	0.0059531862
694	0.0070368000
695	0.0055250069
696	0.0059205536
697	0.0064212442
698	0.0078541376
699	0.0060990313
700	0.0056606475
701	0.0062162783
702	0.0065557649
703	0.0063882647
704	0.0060533644
705	0.0055614845
706	0.0062025813
707	0.0070052035
708	0.0066167573
709	0.0067176651
710	0.0075457185
711	0.0059437179
712	0.0070247855
713	0.0070034051
714	0.0067341677
715	0.0078309635
716	0.0089398362
717	0.0079456987
718	0.0077846576
719	0.0076582571
720	0.0079173576
721	0.0070555573
722	0.0084274439
723	0.0085152769
724	0.0084836790
725	0.0104142809
726	0.0089575015
727	0.0071298834
728	0.0070432429
729	0.0067422125
730	0.0079644388
731	0.0099932514
732	0.0099196387
733	0.0082111703
734	0.0093488423
735	0.0115499096
736	0.0089310901
737	0.0072645657
738	0.0082437107
739	0.0080569834
740	0.0081710285
741	0.0090937233
742	0.0085701775
743	0.0084300833
744	0.0096510872
745	0.0113817155
746	0.0108700823
747	0.0103023043
748	0.0079632010
749	0.0083176745
750	0.0082501983
751	0.0078651663
752	0.0080961855
753	0.0069020391
754	0.0072302502
755	0.0080020893
756	0.0091241943
757	0.0083296215
758	0.0069901869
759	0.0066887648
760	0.0071204072
761	0.0083029773
762	0.0081531312
763	0.0100858603
764	0.0085710855
765	0.0092754560
766	0.0093035977
767	0.0085922414
768	0.0087808687
769	0.0113108968
770	0.0107303280
771	0.0104258563
772	0.0098964730
773	0.0093622115
774	0.0090326294
775	0.0073429709
776	0.0074956692
777	0.0069615925
778	0.0064508156
779	0.0064408490
780	0.0067777904
781	0.0085976040
782	0.0074195927
783	0.0070113512
784	0.0061789732
785	0.0061456682
786	0.0067619868
787	0.0063467356
788	0.0068740016
789	0.0076253074
790	0.0079900911
791	0.0079163816
792	0.0068842205
793	0.0079362504
794	0.0084408922
795	0.0071504158
796	0.0092185978
797	0.0091264714
798	0.0083934804
799	0.0085871480
800	0.0093610734
801	0.0112548377
802	0.0095321592
803	0.0089342352
804	0.0092614554
805	0.0088826027
806	0.0100629581
807	0.0104590701
808	0.0098892767
809	0.0079525290
810	0.0076123918
811	0.0084780967
812	0.0084654363
813	0.0074045314
814	0.0082509974
815	0.0075795483
816	0.0075760181
817	0.0087225912
818	0.0080117071
819	0.0085099759
820	0.0086092521
821	0.0066117505
822	0.0067920228
823	0.0066952012
824	0.0087975115
825	0.0081729004
826	0.0070619960
827	0.0072389427
828	0.0082108621
829	0.0072205244
830	0.0068455641
831	0.0085597243
832	0.0092385309
833	0.0087216236
834	0.0086069452
835	0.0090283267
836	0.0077925818
837	0.0100195166
838	0.0135212168
839	0.0138283372
840	0.0172602329
841	0.0252905246
842	0.0229529534
843	0.0153905386
844	0.0161754638
845	0.0158238038
846	0.0137235131
847	0.0139258914
848	0.0125609273
849	0.0135175185
850	0.0119772097
851	0.0110570285
852	0.0103284139
853	0.0099325841
854	0.0108134691
855	0.0115940589
856	0.0113283712
857	0.0117969597
858	0.0113310451
859	0.0131828533
860	0.0124001335
861	0.0146556357
862	0.0137926126
863	0.0168340765
864	0.0218210593
865	0.0192366540
866	0.0159405544
867	0.0161853153
868	0.0198720582
869	0.0199944321
870	0.0252101570
871	0.0220105127
872	0.0233220626
873	0.0229184050
874	0.0195421241
875	0.0160661750
876	0.0194554329
877	0.0211145170
878	0.0162363462
879	0.0122726299
880	0.0112403734
881	0.0128555866
882	0.0133068264
883	0.0126099903
884	0.0110051464
885	0.0111668278
886	0.0108317537
887	0.0104024857
888	0.0111282673
889	0.0113127204
890	0.0108842356
891	0.0108121894
892	0.0122680077
893	0.0109674390
894	0.0122986268
895	0.0108265551
896	0.0106091304
897	0.0106665278
898	0.0112572936
899	0.0113441506
900	0.0125247901
901	0.0119762765
902	0.0113599962
903	0.0126512647
904	0.0118962312
905	0.0096703861
906	0.0101246228
907	0.0110400598
908	0.0104054706
909	0.0096551655
910	0.0111952173
911	0.0132813323
912	0.0123001849
913	0.0107114082
914	0.0118111996
915	0.0115565071
916	0.0117614511
917	0.0106346169
918	0.0121796113
919	0.0117843691
920	0.0129558872
921	0.0113712568
922	0.0116606290
923	0.0121534569
924	0.0150360577
925	0.0143649541
926	0.0132944863
927	0.0130898478
928	0.0143417772
929	0.0127011444
930	0.0121668475
931	0.0111166751
932	0.0122060692
933	0.0124383746
934	0.0136398757
935	0.0113258613
936	0.0112576401
937	0.0107335383
938	0.0100500407
939	0.0102452850
940	0.0100574410
941	0.0122459531
942	0.0120003549
943	0.0121812606
944	0.0123642543
945	0.0137853669
946	0.0132874371
947	0.0113668796
948	0.0127592105
949	0.0134297563
950	0.0118449740
951	0.0123813953
952	0.0125759644
953	0.0134073533
954	0.0132144811
955	0.0142470235
956	0.0161424764
957	0.0156002920
958	0.0154821221
959	0.0169130713
960	0.0196665693
961	0.0216342770
962	0.0215004385
963	0.0214317944
964	0.0223127604
965	0.0285233203
966	0.0293580908
967	0.0316788368
968	0.0317877121
969	0.0306223016
970	0.0346534736
971	0.0347331986
972	0.0345990509
973	0.0366009772
974	0.0388521813
975	0.0400469266
976	0.0409206375
977	0.0396204740
978	0.0458340906
979	0.0488371775
980	0.0448286831
981	0.0412806161
982	0.0449109189
983	0.0464229546
984	0.0398170315
985	0.0371846668
986	0.0412579179
987	0.0437738150
988	0.0396570899
989	0.0412375443
990	0.0382109322
991	0.0394454412
992	0.0426478386
993	0.0438471027
994	0.0524876378
995	0.0471798703
996	0.0400191694
997	0.0470818020
998	0.0529835112
999	0.0489624664
1000	0.0444373675
1001	0.0405017845
1002	0.0361089408
1003	0.0379137360
1004	0.0415843800
1005	0.0430144221
1006	0.0408743098
1007	0.0393276662
1008	0.0394888893
1009	0.0385405049
1010	0.0341398530
1011	0.0351897664
1012	0.0335959345
1013	0.0357237570
1014	0.0337990038
1015	0.0361404605
1016	0.0335230120
1017	0.0253422745
1018	0.0285455268
1019	0.0303147007
1020	0.0256967749
1021	0.0247283578
1022	0.0275706518
1023	0.0273763314
1024	0.0192887112
1025	0.0196382143
1026	0.0199005492
1027	0.0204378124
1028	0.0207242910
1029	0.0192421004
1030	0.0218503661
1031	0.0177545212
1032	0.0166521743
1033	0.0188926421
1034	0.0164620411
1035	0.0164623931
1036	0.0153709529
1037	0.0168428104
1038	0.0158270281
1039	0.0159958415
1040	0.0175036192
1041	0.0171024073
1042	0.0147516401
1043	0.0152751449
1044	0.0157317556
1045	0.0175989810
1046	0.0188352726
1047	0.0193156898
1048	0.0189370699
1049	0.0169129111
1050	0.0172733869
1051	0.0128987841
1052	0.0114731155
1053	0.0122916820
1054	0.0143963816
1055	0.0121670496
1056	0.0136038726
1057	0.0147738839
1058	0.0122396545
1059	0.0094519854
1060	0.0114291022
1061	0.0120614916
1062	0.0122964056
1063	0.0100519424
1064	0.0096056648
1065	0.0105439574
1066	0.0097416108
1067	0.0085297050
1068	0.0106000314
1069	0.0092500886
1070	0.0079031335
1071	0.0085442578
1072	0.0094982218
1073	0.0097412048
1074	0.0083939712
1075	0.0075525902
1076	0.0074180849
1077	0.0081545888
1078	0.0090473853
1079	0.0080526909
1080	0.0083412640
1081	0.0067968620
1082	0.0065866509
1083	0.0072723320
1084	0.0079502333
1085	0.0071332403
1086	0.0066725709
1087	0.0081533371
1088	0.0086257327
1089	0.0064719776
1090	0.0073894272
1091	0.0062917783
1092	0.0064278254
1093	0.0068527288
1094	0.0058446028
1095	0.0066417288
1096	0.0082437908
1097	0.0059949807
1098	0.0059722238
1099	0.0066642528
1100	0.0066725663
1101	0.0066098454
1102	0.0078782998
1103	0.0072088488
1104	0.0097676925
1105	0.0105845183
1106	0.0089193191
1107	0.0101133231
1108	0.0117170187
1109	0.0123631405
1110	0.0110331941
1111	0.0111015346
1112	0.0107168788
1113	0.0100543555
1114	0.0093405508
1115	0.0104296086
1116	0.0093316184
1117	0.0110088903
1118	0.0106702717
1119	0.0100598112
1120	0.0101685431
1121	0.0085434029
1122	0.0087956712
1123	0.0091753164
1124	0.0086584073
1125	0.0076280506
1126	0.0084112082
1127	0.0087194778
1128	0.0098351268
1129	0.0098566106
1130	0.0086371610
1131	0.0087067364
1132	0.0088395756
1133	0.0082961656
1134	0.0080887638
1135	0.0073900227
1136	0.0074200942
1137	0.0070704259
1138	0.0071734367
1139	0.0087297298
1140	0.0095461961
1141	0.0095333522
1142	0.0077354447
1143	0.0075323023
1144	0.0087804999
1145	0.0078577688
1146	0.0076138498
1147	0.0091166198
1148	0.0103997868
1149	0.0079864152
1150	0.0075827148
1151	0.0074593723
1152	0.0063929139
1153	0.0076878262
1154	0.0087191295
1155	0.0077642077
1156	0.0081413491
1157	0.0083456598
1158	0.0083620567
1159	0.0087733325
1160	0.0091572860
1161	0.0092447689
1162	0.0086962525
1163	0.0076886504
1164	0.0078950543
1165	0.0083088893
1166	0.0076413229
1167	0.0067937798
1168	0.0080332551
1169	0.0076196576
1170	0.0087983087
1171	0.0095603755
1172	0.0085846651
1173	0.0076806014
1174	0.0068814028
1175	0.0070019765
1176	0.0070412750
1177	0.0056483904
1178	0.0070151389
1179	0.0087080421
1180	0.0075433291
1181	0.0093599558
1182	0.0095898155
1183	0.0091979271
1184	0.0099188648
1185	0.0077416417
1186	0.0064112637
1187	0.0057206820
1188	0.0073907520
1189	0.0085749980
1190	0.0085374946
1191	0.0111501198
1192	0.0115249222
1193	0.0107365660
1194	0.0095336586
1195	0.0099945823
1196	0.0079591246
1197	0.0090831993
1198	0.0095037417
1199	0.0102129830
1200	0.0095992209
1201	0.0092714531
1202	0.0099003231
1203	0.0099716112
1204	0.0096544186
1205	0.0083950199
1206	0.0079203872
1207	0.0092289830
1208	0.0077284849
1209	0.0086311214
1210	0.0099182520
1211	0.0107096452
1212	0.0109341741
1213	0.0108529478
1214	0.0123370588
1215	0.0119344238
1216	0.0105791753
1217	0.0103490157
1218	0.0085737891
1219	0.0093187084
1220	0.0091122175
1221	0.0087349713
1222	0.0088593671
1223	0.0119247008
1224	0.0108109191
1225	0.0105871176
1226	0.0127469860
1227	0.0149579467
1228	0.0126714455
1229	0.0137448404
1230	0.0126919476
1231	0.0131370872
1232	0.0149167646
1233	0.0175652262
1234	0.0132925082
1235	0.0112786377
1236	0.0134806363
1237	0.0189730506
1238	0.0220671557
1239	0.0225246344
1240	0.0238967817
1241	0.0199656095
1242	0.0235823747
1243	0.0266216993
1244	0.0279054306
1245	0.0290997420
1246	0.0281370152
1247	0.0340283513
1248	0.0475704223
1249	0.0418707915
1250	0.0399420746
1251	0.0420735776
1252	0.0454757139
1253	0.0404800475
1254	0.0441192649
1255	0.0419857092
1256	0.0299655050
1257	0.0312272348
1258	0.0304846242
1259	0.0360129029
1260	0.0370689891
1261	0.0279135890
1262	0.0267456416
1263	0.0254031979
1264	0.0292814672
1265	0.0239444524
1266	0.0196744110
1267	0.0186531041
1268	0.0188210420
1269	0.0144436443
1270	0.0133089423
1271	0.0159895346
1272	0.0148788011
1273	0.0133267855
1274	0.0161146391
1275	0.0137966070
1276	0.0135028344
1277	0.0129511468
1278	0.0136042293
1279	0.0152169000
1280	0.0171649251
1281	0.0195161719
1282	0.0195503738
1283	0.0199894346
1284	0.0241771638
1285	0.0268553216
1286	0.0207548700
1287	0.0228650142
1288	0.0155734932
1289	0.0121357543
1290	0.0129619557
1291	0.0133195771
1292	0.0105060488
1293	0.0097457878
1294	0.0077105709
1295	0.0081442306
1296	0.0104932254
1297	0.0094156545
1298	0.0076318006
1299	0.0083188368
1300	0.0093206288
1301	0.0088834045
1302	0.0094643943
1303	0.0071866838
1304	0.0068204831
1305	0.0062994990
1306	0.0062711211
1307	0.0066829142
1308	0.0060684546
1309	0.0053804861
1310	0.0047917441
1311	0.0060969749
1312	0.0060239867
1313	0.0063118059
1314	0.0057994472
1315	0.0056853699
1316	0.0061230399
1317	0.0061090048
1318	0.0053967866
1319	0.0046256324
1320	0.0053444491
1321	0.0053965477
1322	0.0056710071
1323	0.0060077091
1324	0.0055852495
1325	0.0050777942
1326	0.0062390934
1327	0.0068632136
1328	0.0062199049
1329	0.0053461436
1330	0.0060481536
1331	0.0062093753
1332	0.0061510522
1333	0.0056996923
1334	0.0062493188
1335	0.0067693442
1336	0.0052256268
1337	0.0071065598
1338	0.0069240304
1339	0.0070067439
1340	0.0062509580
1341	0.0059778467
1342	0.0057327985
1343	0.0063703358
1344	0.0069769514
1345	0.0059925602
1346	0.0061494303
1347	0.0070292708
1348	0.0071162158
1349	0.0070181689
1350	0.0071574757
1351	0.0069015105
1352	0.0059797983
1353	0.0074211131
1354	0.0077114510
1355	0.0071984516
1356	0.0075929840
1357	0.0073610577
1358	0.0078866184
1359	0.0090884678
1360	0.0067063468
1361	0.0059960512
1362	0.0076128952
1363	0.0096710436
1364	0.0091487886
1365	0.0068156584
1366	0.0074587055
1367	0.0067344336
1368	0.0070160199
1369	0.0068603004
1370	0.0079376623
1371	0.0073847258
1372	0.0074020727
1373	0.0064199995
1374	0.0060713473
1375	0.0076853847
1376	0.0079656066
1377	0.0066061243
1378	0.0065176897
1379	0.0072665662
1380	0.0059778108
1381	0.0059967721
1382	0.0059438976
1383	0.0068233032
1384	0.0065888884
1385	0.0072009596
1386	0.0073417295
1387	0.0074214954
1388	0.0059276875
1389	0.0064418488
1390	0.0063256854
1391	0.0068259304
1392	0.0079380963
1393	0.0067131612
1394	0.0068447446
1395	0.0065638330
1396	0.0061698318
1397	0.0064798784
1398	0.0065460866
1399	0.0070158690
1400	0.0068099438
1401	0.0072139874
1402	0.0064323838
1403	0.0070326184
1404	0.0073338524
1405	0.0069620935
1406	0.0062696151
1407	0.0058353832
1408	0.0058791847
1409	0.0068390449
1410	0.0050225402
1411	0.0040966501
1412	0.0050448845
1413	0.0072855060
1414	0.0062567317
1415	0.0057806401
1416	0.0075722411
1417	0.0084772464
1418	0.0080525875
1419	0.0060705720
1420	0.0059905988
1421	0.0062394566
1422	0.0057754763
1423	0.0056854729
1424	0.0055514872
1425	0.0060749706
1426	0.0064068912
1427	0.0067966818
1428	0.0061491095
1429	0.0069635245
1430	0.0080885990
1431	0.0081231566
1432	0.0069474787
1433	0.0067965239
1434	0.0073433155
1435	0.0073844497
1436	0.0080355061
1437	0.0074704415
1438	0.0069348197
1439	0.0074855648
1440	0.0075534647
1441	0.0058076610
1442	0.0067882738
1443	0.0084309652
1444	0.0069402815
1445	0.0068925847
1446	0.0070529040
1447	0.0078271143
1448	0.0075323293
1449	0.0061382642
1450	0.0076030483
1451	0.0080022784
1452	0.0083964784
1453	0.0074616061
1454	0.0062051336
1455	0.0070605506
1456	0.0083063561
1457	0.0097729331
1458	0.0086575169
1459	0.0079479553
1460	0.0077042561
1461	0.0098035252
1462	0.0119243124
1463	0.0099261068
1464	0.0101155844
1465	0.0102242809
1466	0.0087404102
1467	0.0105065601
1468	0.0097045088
1469	0.0092167892
1470	0.0100849867
1471	0.0102352686
1472	0.0119045982
1473	0.0093213469
1474	0.0100889783
1475	0.0123503916
1476	0.0095135747
1477	0.0090502184
1478	0.0112854708
1479	0.0128718419
1480	0.0124942847
1481	0.0124830594
1482	0.0127959829
1483	0.0138614997
1484	0.0169876814
1485	0.0182982106
1486	0.0164016224
1487	0.0151791088
1488	0.0175264999
1489	0.0212944373
1490	0.0213651899
1491	0.0214472562
1492	0.0215379447
1493	0.0226703659
1494	0.0285565779
1495	0.0244840011
1496	0.0196996685
1497	0.0188519750
1498	0.0203235913
1499	0.0191029292
1500	0.0223284718
1501	0.0210788753
1502	0.0223048683
1503	0.0213333219
1504	0.0193278193
1505	0.0167841576
1506	0.0181117058
1507	0.0187840927
1508	0.0177977905
1509	0.0180847216
1510	0.0201772470
1511	0.0218677353
1512	0.0214824416
1513	0.0264835916
1514	0.0199016668
1515	0.0189671572
1516	0.0171268601
1517	0.0196326002
1518	0.0177019518
1519	0.0161658879
1520	0.0138380397
1521	0.0146992672
1522	0.0143401185
1523	0.0176499337
1524	0.0157653559
1525	0.0173676535
1526	0.0186541509
1527	0.0143264169
1528	0.0153119946
1529	0.0117846532
1530	0.0144428061
1531	0.0152915167
1532	0.0172566064
1533	0.0155079197
1534	0.0143163521
1535	0.0131933102
1536	0.0124593144
1537	0.0137115708
1538	0.0153674269
1539	0.0144085856
1540	0.0138832144
1541	0.0112008685
1542	0.0106758084
1543	0.0104884645
1544	0.0112772491
1545	0.0112826126
1546	0.0112943454
1547	0.0094941044
1548	0.0107158227
1549	0.0133581478
1550	0.0120218312
1551	0.0108246086
1552	0.0103599392
1553	0.0122158015
1554	0.0102940463
1555	0.0116286799
1556	0.0128881102
1557	0.0112356851
1558	0.0097775823
1559	0.0108954860
1560	0.0122173913
1561	0.0125775216
1562	0.0097655226
1563	0.0105909063
1564	0.0117659159
1565	0.0121141309
1566	0.0121231852
1567	0.0110881338
1568	0.0104591623
1569	0.0100025292
1570	0.0097756078
1571	0.0132294409
1572	0.0132855019
1573	0.0118474877
1574	0.0100591490
1575	0.0116603114
1576	0.0113686947
1577	0.0133052133
1578	0.0119309928
1579	0.0110168904
1580	0.0114512304
1581	0.0108440388
1582	0.0123476721
1583	0.0147538958
1584	0.0150542539
1585	0.0104646301
1586	0.0110498797
1587	0.0123781562
1588	0.0119156046
1589	0.0123402122
1590	0.0122959260
1591	0.0110748559
1592	0.0105683934
1593	0.0118782381
1594	0.0124670519
1595	0.0114255575
1596	0.0104954056
1597	0.0106958924
1598	0.0117113506
1599	0.0113654518
1600	0.0110391900
1601	0.0124875801
1602	0.0139309764
1603	0.0110805575
1604	0.0107324664
1605	0.0104521597
1606	0.0109664770
1607	0.0117381737
1608	0.0108905938
1609	0.0100839920
1610	0.0101223346
1611	0.0117199281
1612	0.0107224481
1613	0.0106806513
1614	0.0105645610
1615	0.0114615401
1616	0.0119536780
1617	0.0110655902
1618	0.0112363324
1619	0.0108410278
1620	0.0102316765
1621	0.0106976973
1622	0.0119582023
1623	0.0106009562
1624	0.0109137259
1625	0.0116932793
1626	0.0094322907
1627	0.0110569689
1628	0.0104322117
1629	0.0121972058
1630	0.0107853618
1631	0.0105251921
1632	0.0112041486
1633	0.0100765601
1634	0.0103324438
1635	0.0113140456
1636	0.0109063461
1637	0.0101707745
1638	0.0124169597
1639	0.0158038884
1640	0.0151105765
1641	0.0132339448
1642	0.0129859447
1643	0.0110057294
1644	0.0119986413
1645	0.0115547618
1646	0.0113938050
1647	0.0107646137
1648	0.0094955433
1649	0.0102445260
1650	0.0113138799
1651	0.0113721909
1652	0.0102586281
1653	0.0093772123
1654	0.0135176582
1655	0.0146966260
1656	0.0117746983
1657	0.0128532648
1658	0.0151105197
1659	0.0135040209
1660	0.0109820114
1661	0.0120393727
1662	0.0132463789
1663	0.0109581612
1664	0.0129070086
1665	0.0114043811
1666	0.0093915556
1667	0.0113913445
1668	0.0119218044
1669	0.0121534159
1670	0.0139157111
1671	0.0133153619
1672	0.0126988934
1673	0.0124549568
1674	0.0129267173
1675	0.0111115696
1676	0.0104881963
1677	0.0124497423
1678	0.0125236353
1679	0.0113727590
1680	0.0105430009
1681	0.0123174181
1682	0.0127275325
1683	0.0128848329
1684	0.0137157366
1685	0.0118403332
1686	0.0111099053
1687	0.0103229778
1688	0.0114955427
1689	0.0108828992
1690	0.0105038350
1691	0.0134421764
1692	0.0118415058
1693	0.0110347718
1694	0.0108219571
1695	0.0110758478
1696	0.0110787041
1697	0.0128577016
1698	0.0135715427
1699	0.0111949174
1700	0.0106952684
1701	0.0105269561
1702	0.0116773099
1703	0.0144817168
1704	0.0153922550
1705	0.0122410348
1706	0.0126787061
1707	0.0096678808
1708	0.0108282855
1709	0.0133088790
1710	0.0120955901
1711	0.0117640253
1712	0.0136228390
1713	0.0141413314
1714	0.0111379325
1715	0.0104447734
1716	0.0123775909
1717	0.0114179943
1718	0.0122262724
1719	0.0115477880
1720	0.0106841344
1721	0.0111340014
1722	0.0107012698
1723	0.0114410426
1724	0.0091214944
1725	0.0098962719
1726	0.0097247157
1727	0.0111070424
1728	0.0095804948
1729	0.0087925149
1730	0.0100289928
1731	0.0105468752
1732	0.0112386355
1733	0.0091449516
1734	0.0089906957
1735	0.0099810548
1736	0.0095133679
1737	0.0096045565
1738	0.0114949578
1739	0.0152448807
1740	0.0112636881
1741	0.0095663304
1742	0.0096607832
1743	0.0123884212
1744	0.0149487890
1745	0.0125751738
1746	0.0099770604
1747	0.0110261654
1748	0.0123870559
1749	0.0119463839
1750	0.0117130205
1751	0.0112407319
1752	0.0114655290
1753	0.0111378990
1754	0.0124207875
1755	0.0116250040
1756	0.0099159386
1757	0.0085442187
1758	0.0089498032
1759	0.0104261255
1760	0.0099111609
1761	0.0092686834
1762	0.0094910292
1763	0.0095351301
1764	0.0091422554
1765	0.0084079355
1766	0.0087068388
1767	0.0096619055
1768	0.0108829243
1769	0.0093621500
1770	0.0100569278
1771	0.0110717583
1772	0.0106844241
1773	0.0078854682
1774	0.0076282350
1775	0.0076412819
1776	0.0079382239
1777	0.0087687066
1778	0.0078472327
1779	0.0093015237
1780	0.0090189772
1781	0.0092842756
1782	0.0094373906
1783	0.0098313550
1784	0.0099365423
1785	0.0079095243
1786	0.0073043313
1787	0.0086503709
1788	0.0077256178
1789	0.0074748141
1790	0.0066529061
1791	0.0070232735
1792	0.0071405317
1793	0.0079341279
1794	0.0079868892
1795	0.0073549710
1796	0.0079714032
1797	0.0073782001
1798	0.0071575637
1799	0.0072461809
1800	0.0066444962
1801	0.0068272687
1802	0.0064657722
1803	0.0069508841
1804	0.0062175244
1805	0.0068287612
1806	0.0061616772
1807	0.0066168252
1808	0.0065803682
1809	0.0066615609
1810	0.0067397999
1811	0.0071430239
1812	0.0067351516
1813	0.0066340230
1814	0.0073497575
1815	0.0071941093
1816	0.0063760565
1817	0.0056973910
1818	0.0060666450
1819	0.0064858370
1820	0.0070802709
1821	0.0062947869
1822	0.0070543583
1823	0.0072872005
1824	0.0064370073
1825	0.0061240629
1826	0.0065046032
1827	0.0075429757
1828	0.0069670719
1829	0.0073590023
1830	0.0068044066
1831	0.0067854705
1832	0.0072477018
1833	0.0070106513
1834	0.0076062069
1835	0.0076905861
1836	0.0070156618
1837	0.0073321355
1838	0.0075495671
1839	0.0077274567
1840	0.0075819683
1841	0.0086948993
1842	0.0080820434
1843	0.0081461379
1844	0.0090981647
1845	0.0083201192
1846	0.0085329413
1847	0.0089181084
1848	0.0077994457
1849	0.0078876708
1850	0.0090610217
1851	0.0088133542
1852	0.0088765593
1853	0.0095102619
1854	0.0093028573
1855	0.0090317391
1856	0.0099165794
1857	0.0084152250
1858	0.0083003454
1859	0.0082143610
1860	0.0085284431
1861	0.0090218559
1862	0.0091457525
1863	0.0087649347
1864	0.0094686402
1865	0.0097294347
1866	0.0104211001
1867	0.0104038157
1868	0.0105272066
1869	0.0091026649
1870	0.0092868796
1871	0.0086580291
1872	0.0095379101
1873	0.0103131197
1874	0.0102039231
1875	0.0110087907
1876	0.0108059794
1877	0.0114171887
1878	0.0124372561
1879	0.0132561876
1880	0.0128200678
1881	0.0109057417
1882	0.0116525432
1883	0.0120363887
1884	0.0127377193
1885	0.0113603016
1886	0.0107737798
1887	0.0120170731
1888	0.0121433781
1889	0.0112963188
1890	0.0120576136
1891	0.0135490466
1892	0.0112099573
1893	0.0123028848
1894	0.0147183649
1895	0.0132854301
1896	0.0115522863
1897	0.0123769324
1898	0.0146453502
1899	0.0136309778
1900	0.0129472250
1901	0.0134427072
1902	0.0137196053
1903	0.0155522516
1904	0.0146936262
1905	0.0143639566
1906	0.0140159298
1907	0.0146135055
1908	0.0144448560
1909	0.0132667860
1910	0.0148975765
1911	0.0156766847
1912	0.0137783606
1913	0.0148312161
1914	0.0144070536
1915	0.0162315201
1916	0.0168042872
1917	0.0174341574
1918	0.0176126864
1919	0.0179478377
1920	0.0177727658
1921	0.0190931968
1922	0.0182859115
1923	0.0174500868
1924	0.0177646633
1925	0.0187151115
1926	0.0172031503
1927	0.0159940254
1928	0.0193674415
1929	0.0190183073
1930	0.0219721720
1931	0.0185389444
1932	0.0216069631
1933	0.0211120583
1934	0.0194675215
1935	0.0225779936
1936	0.0237897132
1937	0.0229904409
1938	0.0229799356
1939	0.0208945591
1940	0.0220437087
1941	0.0236706808
1942	0.0249662548
1943	0.0280943755
1944	0.0283981133
1945	0.0310567152
1946	0.0349323936
1947	0.0328821167
1948	0.0311872512
1949	0.0289596897
1950	0.0282387305
1951	0.0289619621
1952	0.0303673632
1953	0.0310712233
1954	0.0314525068
1955	0.0299007446
1956	0.0306671709
1957	0.0301388185
1958	0.0327869020
1959	0.0313900188
1960	0.0293046404
1961	0.0259458069
1962	0.0248926841
1963	0.0271949451
1964	0.0233208966
1965	0.0239409897
1966	0.0254479200
1967	0.0240663290
1968	0.0218413658
1969	0.0217213500
1970	0.0231868662
1971	0.0248179212
1972	0.0227984451
1973	0.0231290367
1974	0.0230542440
1975	0.0216948073
1976	0.0208562221
1977	0.0195275433
1978	0.0184363648
1979	0.0164621156
1980	0.0165414698
1981	0.0161690898
1982	0.0169157833
1983	0.0166806094
1984	0.0165148117
1985	0.0193206687
1986	0.0186539851
1987	0.0160702541
1988	0.0167321600
1989	0.0151406992
1990	0.0164956637
1991	0.0158846229
1992	0.0164660811
1993	0.0151358498
1994	0.0172426254
1995	0.0165476240
1996	0.0158763323
1997	0.0151854474
1998	0.0150684975
1999	0.0160544347
2000	0.0180264898
