5	0.0001983815
6	0.0002564088
7	0.0002632391
8	0.0003462367
9	0.0008510251
10	0.0052198214
11	0.0134046674
12	0.0094984164
13	0.0047477898
14	0.0066581331
15	0.0082338881
16	0.0050695753
17	0.0026089798
18	0.0015257921
19	0.0011765243
20	0.0007290298
21	0.0004531099
22	0.0003296586
23	0.0003227112
24	0.0003052973
25	0.0002548547
26	0.0001977622
27	0.0001603208
28	0.0001470837
29	0.0001453723
30	0.0001638086
31	0.0001554722
32	0.0001343784
33	0.0001131008
34	0.0001074152
35	0.0001046824
36	0.0001209448
37	0.0001107032
38	0.0001044346
39	0.0001271522
40	0.0001385609
41	0.0001820021
42	0.0001849221
43	0.0002041941
44	0.0002792460
45	0.0003085148
46	0.0003095158
47	0.0003174851
48	0.0003152060
49	0.0003020860
50	0.0002394699
51	0.0002403537
52	0.0002642794
53	0.0003131694
54	0.0003332813
55	0.0003792176
56	0.0004840010
57	0.0004475658
58	0.0003921050
59	0.0004360488
60	0.0004454008
61	0.0004890042
62	0.0004381978
63	0.0003863178
64	0.0003763144
65	0.0004056710
66	0.0004623735
67	0.0004281995
68	0.0004287507
69	0.0004460991
70	0.0004521811
71	0.0005202433
72	0.0005577196
73	0.0005285730
74	0.0004259041
75	0.0005446491
76	0.0006703119
77	0.0007530436
78	0.0008689283
79	0.0008649769
80	0.0007874956
81	0.0006959654
82	0.0007038115
83	0.0009296901
84	0.0007813022
85	0.0006775165
86	0.0006094836
87	0.0004759743
88	0.0004467727
89	0.0005047121
90	0.0005147760
91	0.0005089796
92	0.0005306855
93	0.0005512474
94	0.0006737148
95	0.0007616415
96	0.0007974411
97	0.0009859012
98	0.0013402475
99	0.0021034549
100	0.0019690502
101	0.0024481313
102	0.0031062253
103	0.0043054982
104	0.0051036016
105	0.0053866878
106	0.0071391701
107	0.0095815612
108	0.0113926493
109	0.0127181355
110	0.0156600531
111	0.0165150855
112	0.0115360618
113	0.0124588730
114	0.0143815977
115	0.0156215951
116	0.0124289291
117	0.0139787020
118	0.0138394954
119	0.0154260546
120	0.0157079957
121	0.0149313733
122	0.0139192939
123	0.0145036429
124	0.0153882625
125	0.0142786810
126	0.0158924218
127	0.0154037988
128	0.0142444586
129	0.0150631247
130	0.0153503763
131	0.0157745630
132	0.0160378125
133	0.0165253580
134	0.0159067474
135	0.0125613576
136	0.0154988561
137	0.0130882245
138	0.0097962171
139	0.0092565678
140	0.0083882147
141	0.0084344111
142	0.0072835884
143	0.0073529216
144	0.0068219868
145	0.0059980340
146	0.0053721685
147	0.0054659368
148	0.0042368830
149	0.0041475543
150	0.0036149877
151	0.0031318648
152	0.0035321165
153	0.0038830116
154	0.0030491380
155	0.0028410607
156	0.0032280399
157	0.0039804974
158	0.0056621092
159	0.0075922408
160	0.0098926341
161	0.0111985775
162	0.0123126749
163	0.0102173155
164	0.0083144689
165	0.0063395374
166	0.0062286109
167	0.0061156400
168	0.0058289496
169	0.0050669299
170	0.0043652393
171	0.0037739768
172	0.0043608900
173	0.0045163650
174	0.0040271305
175	0.0036066074
176	0.0030187366
177	0.0027410381
178	0.0023643740
179	0.0026286209
180	0.0021926060
181	0.0018738440
182	0.0014047736
183	0.0015668421
184	0.0051433374
185	0.0134294089
186	0.0081348019
187	0.0024580166
188	0.0010156297
189	0.0012555580
190	0.0012057798
191	0.0009787329
192	0.0011010598
193	0.0014308055
194	0.0013293577
195	0.0009580322
196	0.0008988065
197	0.0005870148
198	0.0005781133
199	0.0006504979
200	0.0007915566
201	0.0012565663
202	0.0027431960
203	0.0039222422
204	0.0054340786
205	0.0070050261
206	0.0069767344
207	0.0066686198
208	0.0064871013
209	0.0061253994
210	0.0058701765
211	0.0060956683
212	0.0070712399
213	0.0056904093
214	0.0045710476
215	0.0051425369
216	0.0047592428
217	0.0048566209
218	0.0052762991
219	0.0050499737
220	0.0044295862
221	0.0050992011
222	0.0053327903
223	0.0051831212
224	0.0054715551
225	0.0051806783
226	0.0052325171
227	0.0068047768
228	0.0076933559
229	0.0072242334
230	0.0058064125
231	0.0049402621
232	0.0064596408
233	0.0059547927
234	0.0069534271
235	0.0056508239
236	0.0049072858
237	0.0062650223
238	0.0071122418
239	0.0054029319
240	0.0050329962
241	0.0055973777
242	0.0055363043
243	0.0053825099
244	0.0059712790
245	0.0062081418
246	0.0056117959
247	0.0056388946
248	0.0055118129
249	0.0051053790
250	0.0046536475
251	0.0057019093
252	0.0055038822
253	0.0049102716
254	0.0049083959
255	0.0059411600
256	0.0048397565
257	0.0058823409
258	0.0062423423
259	0.0061568404
260	0.0059275827
261	0.0064588976
262	0.0076500867
263	0.0074650859
264	0.0076039373
265	0.0069862669
266	0.0063880975
267	0.0065565417
268	0.0072198557
269	0.0067399140
270	0.0072670095
271	0.0073586404
272	0.0082692774
273	0.0090319971
274	0.0107468609
275	0.0113510080
276	0.0099800574
277	0.0092478720
278	0.0097605651
279	0.0094904201
280	0.0090034949
281	0.0114577552
282	0.0091384631
283	0.0070131677
284	0.0066805179
285	0.0072931256
286	0.0075600389
287	0.0075480198
288	0.0078083528
289	0.0065654921
290	0.0074643758
291	0.0082926052
292	0.0081206616
293	0.0077260612
294	0.0077466951
295	0.0077055097
296	0.0064305598
297	0.0067679379
298	0.0093583753
299	0.0094085336
300	0.0082100062
301	0.0084543014
302	0.0082962336
303	0.0090779522
304	0.0085255764
305	0.0075840889
306	0.0087358458
307	0.0086971633
308	0.0089661647
309	0.0090011582
310	0.0104275579
311	0.0088233734
312	0.0082375146
313	0.0081058396
314	0.0086498586
315	0.0112726847
316	0.0090783462
317	0.0087396903
318	0.0087499414
319	0.0065123439
320	0.0071092290
321	0.0070210975
322	0.0082393689
323	0.0063534155
324	0.0074548428
325	0.0064427783
326	0.0069045159
327	0.0074503240
328	0.0069065839
329	0.0074163009
330	0.0089583928
331	0.0079619279
332	0.0067659360
333	0.0066619553
334	0.0073064808
335	0.0087455744
336	0.0090079317
337	0.0097176880
338	0.0089455293
339	0.0073372861
340	0.0071884422
341	0.0091421008
342	0.0099347131
343	0.0103619080
344	0.0101232454
345	0.0104849683
346	0.0099033639
347	0.0149665019
348	0.0144955125
349	0.0104814069
350	0.0085352939
351	0.0101641277
352	0.0101394923
353	0.0099528050
354	0.0110935867
355	0.0125383809
356	0.0119457645
357	0.0121431248
358	0.0128214825
359	0.0137761747
360	0.0149088977
361	0.0149616124
362	0.0149920182
363	0.0158169642
364	0.0165942777
365	0.0154472319
366	0.0153665878
367	0.0159410667
368	0.0197370183
369	0.0199931059
370	0.0206598695
371	0.0212480556
372	0.0256101899
373	0.0279494133
374	0.0230161697
375	0.0217727758
376	0.0220840238
377	0.0218105074
378	0.0256476626
379	0.0277360026
380	0.0237859823
381	0.0243664049
382	0.0278335791
383	0.0285600796
384	0.0290529393
385	0.0353469811
386	0.0335360505
387	0.0313145332
388	0.0338028148
389	0.0331987217
390	0.0304026920
391	0.0342426896
392	0.0318737403
393	0.0298504326
394	0.0304592457
395	0.0270892084
396	0.0281711705
397	0.0286819488
398	0.0268922988
399	0.0246681664
400	0.0237822942
401	0.0238751490
402	0.0196703672
403	0.0185034983
404	0.0217490792
405	0.0219376646
406	0.0232342277
407	0.0234077144
408	0.0262361076
409	0.0319375582
410	0.0313265249
411	0.0323407352
412	0.0311893467
413	0.0385151654
414	0.0368149579
415	0.0439976640
416	0.0469318442
417	0.0429601856
418	0.0431900881
419	0.0463354513
420	0.0498477928
421	0.0588226728
422	0.0576732717
423	0.0564761311
424	0.0738631710
425	0.0690400004
426	0.0549820438
427	0.0540536679
428	0.0581378788
429	0.0666629523
430	0.0654184371
431	0.0499226972
432	0.0486192331
433	0.0526943728
434	0.0482265875
435	0.0484794639
436	0.0549400747
437	0.0590361096
438	0.0673061535
439	0.0696622357
440	0.0638951436
441	0.0695094764
442	0.0715346709
443	0.0615534410
444	0.0591849647
445	0.0630074665
446	0.0652893633
447	0.0750100315
448	0.0818765759
449	0.0697272867
450	0.0720294788
451	0.0935575292
452	0.0873338059
453	0.0782164335
454	0.0854891911
455	0.1042934358
456	0.1025190353
457	0.1109724119
458	0.1328005791
459	0.1252968460
460	0.1203783229
461	0.1132295430
462	0.1289138049
463	0.1369180381
464	0.1456920207
465	0.1678352803
466	0.1848407835
467	0.1682818234
468	0.1566171944
469	0.1722050607
470	0.2183763385
471	0.1956839859
472	0.2275379896
473	0.2449674010
474	0.2313716114
475	0.1879084557
476	0.1962808371
477	0.1907947659
478	0.2184985131
479	0.1985546201
480	0.2003179044
481	0.2128362060
482	0.1785115749
483	0.1980195940
484	0.1799156070
485	0.1714524776
486	0.2396503091
487	0.2212379128
488	0.1787130386
489	0.1323017329
490	0.1291172653
491	0.1585420519
492	0.1493947059
493	0.1469775587
494	0.1352293044
495	0.1353356987
496	0.1366264671
497	0.1603297591
498	0.1661487520
499	0.1472247839
500	0.1428253651
501	0.1247838661
502	0.1173160225
503	0.1711833626
504	0.1451631933
505	0.1343296766
506	0.1379081458
507	0.1439457834
508	0.1558097750
509	0.1845179647
510	0.1757277548
511	0.1224893406
512	0.1080940068
513	0.1323404014
514	0.1534800977
515	0.1307461709
516	0.1576228589
517	0.1372915506
518	0.1415303200
519	0.1505965441
520	0.1252683848
521	0.1038971543
522	0.1081987023
523	0.1206750870
524	0.1232855618
525	0.0943429321
526	0.0836225748
527	0.1004386917
528	0.0942870304
529	0.1028554887
530	0.0911676660
531	0.0963254720
532	0.0981705263
533	0.0720128193
534	0.0644936785
535	0.0713100433
536	0.0844382644
537	0.0862019286
538	0.0698266625
539	0.0720792785
540	0.0733910426
541	0.0691519454
542	0.0719699115
543	0.0722253621
544	0.0692306682
545	0.0623672828
546	0.0679209307
547	0.0644411370
548	0.0657462776
549	0.0719206110
550	0.0730822161
551	0.0627456829
552	0.0763652772
553	0.0757582262
554	0.0813841820
555	0.0928764790
556	0.0957988128
557	0.0789102539
558	0.0795913786
559	0.0869914219
560	0.0954344198
561	0.1016911566
562	0.1036964506
563	0.1060051024
564	0.1141682342
565	0.1063294336
566	0.1007960886
567	0.1110076606
568	0.1178612411
569	0.1074277461
570	0.1099688709
571	0.1007402986
572	0.1045468822
573	0.1024172604
574	0.1165555343
575	0.1372903883
576	0.1169748828
577	0.1055123806
578	0.1134050265
579	0.1087419987
580	0.0993633345
581	0.1059486717
582	0.1116474569
583	0.1236450598
584	0.1281513274
585	0.1081291884
586	0.1183825731
587	0.1145887747
588	0.0968052149
589	0.1109521538
590	0.1042959541
591	0.1008784249
592	0.1032791436
593	0.0962890759
594	0.0896122754
595	0.1083554253
596	0.1038067490
597	0.0917091817
598	0.1031317785
599	0.1057368442
600	0.1123201698
601	0.1019826680
602	0.0983385295
603	0.1137088910
604	0.1132256389
605	0.1038504317
606	0.0842036828
607	0.0747302324
608	0.0868159384
609	0.0709266812
610	0.0677897036
611	0.0756297261
612	0.0805931687
613	0.0563894100
614	0.0519811101
615	0.0567421615
616	0.0578162223
617	0.0570104420
618	0.0481989272
619	0.0495192632
620	0.0533179119
621	0.0547471195
622	0.0534910746
623	0.0463912226
624	0.0429796204
625	0.0341931805
626	0.0298663303
627	0.0300831348
628	0.0290871337
629	0.0279807448
630	0.0266606491
631	0.0305621829
632	0.0303581655
633	0.0241221916
634	0.0201604348
635	0.0215244181
636	0.0226706769
637	0.0243739840
638	0.0257851705
639	0.0223532263
640	0.0148273576
641	0.0156585481
642	0.0183929689
643	0.0219792742
644	0.0241193213
645	0.0222468805
646	0.0170119405
647	0.0192227345
648	0.0216243938
649	0.0177752953
650	0.0140121514
651	0.0156988557
652	0.0175400954
653	0.0180257205
654	0.0132405283
655	0.0158001278
656	0.0198687501
657	0.0161564481
658	0.0165723860
659	0.0181039367
660	0.0198072866
661	0.0273825284
662	0.0219252035
663	0.0182577725
664	0.0200797170
665	0.0216383971
666	0.0190656111
667	0.0193944070
668	0.0157128144
669	0.0166422538
670	0.0183378886
671	0.0168001074
672	0.0168531481
673	0.0235758983
674	0.0216330159
675	0.0187948197
676	0.0173177179
677	0.0180658847
678	0.0158192422
679	0.0158536565
680	0.0190399960
681	0.0192289874
682	0.0174330790
683	0.0195913110
684	0.0202433877
685	0.0184919294
686	0.0188151300
687	0.0227155630
688	0.0214259978
689	0.0198802650
690	0.0222619493
691	0.0231385529
692	0.0228500087
693	0.0286399368
694	0.0304337628
695	0.0280643497
696	0.0329790711
697	0.0326696821
698	0.0289657637
699	0.0288319625
700	0.0314245746
701	0.0297383741
702	0.0300660338
703	0.0342493020
704	0.0301742591
705	0.0281725619
706	0.0346855707
707	0.0372721627
708	0.0281045660
709	0.0256489869
710	0.0311533231
711	0.0311383642
712	0.0339661948
713	0.0395658687
714	0.0318985246
715	0.0353914052
716	0.0346486792
717	0.0374176428
718	0.0324032083
719	0.0329670757
720	0.0394353233
721	0.0311880149
722	0.0304490812
723	0.0307725146
724	0.0261535812
725	0.0316718258
726	0.0280072559
727	0.0259466879
728	0.0280094054
729	0.0294076521
730	0.0289614350
731	0.0286077932
732	0.0272285026
733	0.0262017902
734	0.0260820407
735	0.0239126850
736	0.0275696311
737	0.0234576147
738	0.0228196066
739	0.0224052276
740	0.0251787603
741	0.0237434451
742	0.0213402361
743	0.0240867380
744	0.0204910785
745	0.0219400674
746	0.0257282089
747	0.0213104449
748	0.0233597886
749	0.0241879970
750	0.0254014209
751	0.0220216010
752	0.0223695952
753	0.0252924412
754	0.0215515867
755	0.0239659157
756	0.0245509930
757	0.0252449755
758	0.0272369906
759	0.0342350341
760	0.0402836874
761	0.0398301929
762	0.0409739949
763	0.0491957143
764	0.0502683558
765	0.0649608150
766	0.0650802106
767	0.0543596298
768	0.0542379431
769	0.0723487660
770	0.0722724944
771	0.0570990816
772	0.0551243611
773	0.0559441000
774	0.0508753024
775	0.0472697578
776	0.0509082042
777	0.0463382602
778	0.0494862832
779	0.0496694297
780	0.0466349982
781	0.0489921756
782	0.0525386222
783	0.0503602847
784	0.0544510260
785	0.0561688319
786	0.0639530495
787	0.0559229665
788	0.0422396958
789	0.0439424403
790	0.0497178063
791	0.0432412885
792	0.0340272151
793	0.0413943566
794	0.0372245349
795	0.0301139615
796	0.0379303098
797	0.0369091555
798	0.0311893709
799	0.0333742052
800	0.0400078520
801	0.0468472950
802	0.0426181592
803	0.0334117413
804	0.0402325317
805	0.0476537608
806	0.0482863933
807	0.0431189165
808	0.0442216247
809	0.0366389751
810	0.0325661600
811	0.0394454971
812	0.0408659503
813	0.0441835523
814	0.0397363193
815	0.0421830714
816	0.0422347747
817	0.0443635918
818	0.0455577038
819	0.0536122099
820	0.0534743927
821	0.0588519610
822	0.0536922701
823	0.0562586822
824	0.0547639653
825	0.0580586381
826	0.0605166890
827	0.0636007860
828	0.0710122660
829	0.0636865422
830	0.0673045367
831	0.0868985653
832	0.0831767842
833	0.0723521858
834	0.0780005082
835	0.0915889814
836	0.1077662781
837	0.0935556591
838	0.1053898931
839	0.1142310128
840	0.1204515621
841	0.1160528585
842	0.1255526692
843	0.1418461949
844	0.1884954721
845	0.2225937694
846	0.2231659591
847	0.2006562054
848	0.1601456404
849	0.2107965201
850	0.2000642270
851	0.2380269915
852	0.2271091193
853	0.1980347484
854	0.1881531924
855	0.1699273586
856	0.1708348989
857	0.1797090024
858	0.1673123837
859	0.1680281907
860	0.1759651303
861	0.1550704837
862	0.1668927222
863	0.2083334029
864	0.2047409266
865	0.1926659197
866	0.2043946981
867	0.2091832310
868	0.1673504561
869	0.1840228289
870	0.2704279721
871	0.2641496658
872	0.2692139149
873	0.2381933331
874	0.1694795936
875	0.1314456612
876	0.1580968946
877	0.1476901770
878	0.1196095571
879	0.1213010103
880	0.1206123978
881	0.1104015335
882	0.0828473344
883	0.0746978000
884	0.0812727734
885	0.0839939266
886	0.0587256402
887	0.0357749872
888	0.0353075489
889	0.0453275405
890	0.0362510160
891	0.0415993631
892	0.0328333341
893	0.0278904643
894	0.0434564687
895	0.0440068431
896	0.0349196680
897	0.0368199982
898	0.0368836224
899	0.0273776203
900	0.0288490616
901	0.0366496146
902	0.0398054197
903	0.0376418233
904	0.0372858681
905	0.0351010337
906	0.0307971220
907	0.0387734175
908	0.0400372148
909	0.0341044143
910	0.0291459877
911	0.0290683694
912	0.0290815998
913	0.0312694758
914	0.0312359296
915	0.0317564420
916	0.0280030984
917	0.0262129884
918	0.0301317833
919	0.0310586374
920	0.0372762457
921	0.0350735746
922	0.0302419960
923	0.0352522396
924	0.0398770608
925	0.0380868576
926	0.0308802389
927	0.0292955264
928	0.0384904966
929	0.0400534011
930	0.0340631604
931	0.0369838476
932	0.0379578359
933	0.0466898531
934	0.0511380807
935	0.0409983583
936	0.0353320464
937	0.0314006656
938	0.0357601829
939	0.0449556820
940	0.0336100385
941	0.0275792331
942	0.0323149674
943	0.0308119375
944	0.0286323223
945	0.0365825482
946	0.0477360561
947	0.0351688303
948	0.0284795072
949	0.0292473473
950	0.0281165112
951	0.0325142257
952	0.0339332893
953	0.0291249659
954	0.0315746032
955	0.0298887622
956	0.0333499238
957	0.0303117801
958	0.0314399637
959	0.0266108736
960	0.0271753874
961	0.0307377335
962	0.0290817376
963	0.0352696665
964	0.0344242193
965	0.0318559147
966	0.0357678011
967	0.0408151448
968	0.0505340509
969	0.0478128977
970	0.0392487049
971	0.0444838591
972	0.0418047234
973	0.0404388718
974	0.0420440622
975	0.0394186117
976	0.0412576459
977	0.0405792743
978	0.0408802368
979	0.0413069688
980	0.0499401912
981	0.0551544726
982	0.0520858206
983	0.0425224751
984	0.0541773736
985	0.0637817010
986	0.0685717836
987	0.0503944010
988	0.0406200401
989	0.0389615297
990	0.0344822109
991	0.0337826237
992	0.0355713628
993	0.0309798513
994	0.0300230458
995	0.0326215886
996	0.0325728878
997	0.0361663774
998	0.0314537250
999	0.0318783224
1000	0.0336577445
1001	0.0291714538
1002	0.0328021422
1003	0.0253395326
1004	0.0198907070
1005	0.0231531225
1006	0.0236787889
1007	0.0282730106
1008	0.0332489125
1009	0.0339826122
1010	0.0384466834
1011	0.0361300223
1012	0.0315737352
1013	0.0336533226
1014	0.0363410749
1015	0.0281918906
1016	0.0216679182
1017	0.0227795653
1018	0.0246481672
1019	0.0234422162
1020	0.0202411748
1021	0.0177793410
1022	0.0146859968
1023	0.0133857355
1024	0.0149194757
1025	0.0171582755
1026	0.0164178014
1027	0.0169432200
1028	0.0154568525
1029	0.0139416484
1030	0.0131945303
1031	0.0147153819
1032	0.0160952471
1033	0.0171642415
1034	0.0135359988
1035	0.0130132958
1036	0.0126516363
1037	0.0153326355
1038	0.0154620185
1039	0.0144640859
1040	0.0164501835
1041	0.0193152148
1042	0.0176598728
1043	0.0191083457
1044	0.0194451809
1045	0.0232005399
1046	0.0287310798
1047	0.0224172864
1048	0.0190608390
1049	0.0259787533
1050	0.0255725905
1051	0.0181625187
1052	0.0167656559
1053	0.0160538703
1054	0.0198731273
1055	0.0236784890
1056	0.0243578739
1057	0.0203400441
1058	0.0159118921
1059	0.0160603933
1060	0.0161798820
1061	0.0181612559
1062	0.0243220683
1063	0.0202747714
1064	0.0207324978
1065	0.0188155249
1066	0.0146630965
1067	0.0158722047
1068	0.0166090541
1069	0.0140081374
1070	0.0123261036
1071	0.0138593093
1072	0.0153567437
1073	0.0128246695
1074	0.0103312656
1075	0.0102427062
1076	0.0106163993
1077	0.0105282124
1078	0.0094756903
1079	0.0077334265
1080	0.0071760481
1081	0.0106021976
1082	0.0106642321
1083	0.0096732583
1084	0.0081784064
1085	0.0073380419
1086	0.0067618545
1087	0.0072359848
1088	0.0062296628
1089	0.0055369786
1090	0.0062229345
1091	0.0063078278
1092	0.0064285798
1093	0.0057094037
1094	0.0046577104
1095	0.0078344215
1096	0.0104455203
1097	0.0068050195
1098	0.0061042462
1099	0.0069426880
1100	0.0067949570
1101	0.0062578628
1102	0.0068358434
1103	0.0071619363
1104	0.0095965639
1105	0.0103994813
1106	0.0090309633
1107	0.0095281098
1108	0.0101870243
1109	0.0108543411
1110	0.0099877855
1111	0.0087469574
1112	0.0085808011
1113	0.0079992805
1114	0.0079178587
1115	0.0078821061
1116	0.0080551375
1117	0.0084084319
1118	0.0078716483
1119	0.0067601339
1120	0.0067892326
1121	0.0063660922
1122	0.0062482147
1123	0.0054826504
1124	0.0043239612
1125	0.0040848670
1126	0.0041981512
1127	0.0048728534
1128	0.0057038488
1129	0.0056532444
1130	0.0053612543
1131	0.0053013908
1132	0.0054766689
1133	0.0052661607
1134	0.0042777630
1135	0.0034472253
1136	0.0035178035
1137	0.0039035922
1138	0.0041435156
1139	0.0037096464
1140	0.0032905811
1141	0.0034171282
1142	0.0035614851
1143	0.0037328941
1144	0.0032221295
1145	0.0031861847
1146	0.0031164319
1147	0.0034400916
1148	0.0036216651
1149	0.0036601953
1150	0.0033648554
1151	0.0032218504
1152	0.0027967906
1153	0.0035175500
1154	0.0035100414
1155	0.0031446009
1156	0.0031124954
1157	0.0029570460
1158	0.0032740862
1159	0.0034300718
1160	0.0036081190
1161	0.0034158132
1162	0.0035817490
1163	0.0031754209
1164	0.0044219713
1165	0.0042363382
1166	0.0037204714
1167	0.0041108411
1168	0.0040570721
1169	0.0037209899
1170	0.0036591741
1171	0.0034840845
1172	0.0039696130
1173	0.0038124693
1174	0.0039963336
1175	0.0032465777
1176	0.0037193419
1177	0.0040610163
1178	0.0043203183
1179	0.0044737281
1180	0.0040216921
1181	0.0036010188
1182	0.0047177393
1183	0.0045179063
1184	0.0037430031
1185	0.0039996994
1186	0.0040972708
1187	0.0034121175
1188	0.0040293881
1189	0.0043806070
1190	0.0036272234
1191	0.0030294266
1192	0.0027548710
1193	0.0026330317
1194	0.0030823434
1195	0.0041066259
1196	0.0047541247
1197	0.0043588351
1198	0.0048001437
1199	0.0052383337
1200	0.0034121911
1201	0.0032455334
1202	0.0038740530
1203	0.0035391382
1204	0.0031716442
1205	0.0037118176
1206	0.0031806952
1207	0.0031572415
1208	0.0040928945
1209	0.0038561393
1210	0.0040937066
1211	0.0038122239
1212	0.0041612647
1213	0.0036703690
1214	0.0037121275
1215	0.0037643474
1216	0.0043567922
1217	0.0047481060
1218	0.0043237587
1219	0.0041691819
1220	0.0049729585
1221	0.0051027676
1222	0.0049423533
1223	0.0054626712
1224	0.0058200336
1225	0.0044216616
1226	0.0051212786
1227	0.0062832665
1228	0.0067737233
1229	0.0074409875
1230	0.0073985807
1231	0.0066452976
1232	0.0082203792
1233	0.0080042435
1234	0.0093166679
1235	0.0099646170
1236	0.0138150956
1237	0.0113741867
1238	0.0109113622
1239	0.0100180935
1240	0.0142277451
1241	0.0131573891
1242	0.0127262985
1243	0.0150951501
1244	0.0134010660
1245	0.0131264497
1246	0.0118194316
1247	0.0125449384
1248	0.0114028193
1249	0.0111953216
1250	0.0122463359
1251	0.0142224813
1252	0.0147289475
1253	0.0160292853
1254	0.0149187446
1255	0.0147109712
1256	0.0119923623
1257	0.0115086101
1258	0.0138827628
1259	0.0155868679
1260	0.0160957854
1261	0.0162887163
1262	0.0139792468
1263	0.0132851005
1264	0.0134405317
1265	0.0145680839
1266	0.0133347660
1267	0.0165682733
1268	0.0151875578
1269	0.0143972449
1270	0.0162796453
1271	0.0170533694
1272	0.0160907656
1273	0.0180246364
1274	0.0229449309
1275	0.0283073224
1276	0.0298632700
1277	0.0315895788
1278	0.0287226550
1279	0.0282952916
1280	0.0322929882
1281	0.0306930505
1282	0.0228833295
1283	0.0190953985
1284	0.0194707513
1285	0.0223661438
1286	0.0180577748
1287	0.0185999479
1288	0.0126161780
1289	0.0101442458
1290	0.0108724982
1291	0.0106653385
1292	0.0090874843
1293	0.0091572748
1294	0.0089397551
1295	0.0088834064
1296	0.0073598041
1297	0.0067683179
1298	0.0068331040
1299	0.0067804037
1300	0.0084107844
1301	0.0084313080
1302	0.0071176668
1303	0.0064326096
1304	0.0064943018
1305	0.0064673061
1306	0.0065296139
1307	0.0076281251
1308	0.0070833135
1309	0.0069410843
1310	0.0075033624
1311	0.0079755150
1312	0.0072087091
1313	0.0061423425
1314	0.0071713566
1315	0.0065170233
1316	0.0066789431
1317	0.0060993466
1318	0.0063884747
1319	0.0063723996
1320	0.0067728288
1321	0.0062335492
1322	0.0064633144
1323	0.0063402629
1324	0.0075388649
1325	0.0056630098
1326	0.0067951777
1327	0.0059347372
1328	0.0068789921
1329	0.0063206009
1330	0.0060055763
1331	0.0065777176
1332	0.0072095352
1333	0.0065383944
1334	0.0064254580
1335	0.0068830824
1336	0.0083532240
1337	0.0072462545
1338	0.0062632132
1339	0.0056789508
1340	0.0059284731
1341	0.0062511698
1342	0.0076622912
1343	0.0066637867
1344	0.0064844592
1345	0.0066829957
1346	0.0075441739
1347	0.0075605437
1348	0.0080499090
1349	0.0080278795
1350	0.0076221158
1351	0.0065130480
1352	0.0068264552
1353	0.0077030705
1354	0.0081019253
1355	0.0072906371
1356	0.0074634328
1357	0.0073142955
1358	0.0078157792
1359	0.0095330589
1360	0.0075353254
1361	0.0060735657
1362	0.0069237724
1363	0.0081968596
1364	0.0082991822
1365	0.0079776049
1366	0.0067762313
1367	0.0078987237
1368	0.0083444072
1369	0.0069785803
1370	0.0073220166
1371	0.0079827188
1372	0.0077861547
1373	0.0077610854
1374	0.0080365045
1375	0.0079822605
1376	0.0078068944
1377	0.0090824971
1378	0.0088576488
1379	0.0106642097
1380	0.0082004536
1381	0.0076035899
1382	0.0075327572
1383	0.0069905035
1384	0.0065053012
1385	0.0074799620
1386	0.0081769684
1387	0.0083387587
1388	0.0073012821
1389	0.0070436317
1390	0.0070741083
1391	0.0066063646
1392	0.0076805935
1393	0.0092177810
1394	0.0086486079
1395	0.0078099072
1396	0.0078589711
1397	0.0091502741
1398	0.0090879686
1399	0.0082255183
1400	0.0072836373
1401	0.0072461148
1402	0.0076755374
1403	0.0082553905
1404	0.0082100723
1405	0.0083756698
1406	0.0076921689
1407	0.0071427803
1408	0.0074971099
1409	0.0069812736
1410	0.0059719859
1411	0.0051994156
1412	0.0063231802
1413	0.0064705214
1414	0.0066374121
1415	0.0067098294
1416	0.0071376902
1417	0.0067501399
1418	0.0053074877
1419	0.0052823410
1420	0.0058160080
1421	0.0060728565
1422	0.0068188081
1423	0.0062190639
1424	0.0052905562
1425	0.0054549542
1426	0.0058330959
1427	0.0057923077
1428	0.0061681704
1429	0.0058556153
1430	0.0063560512
1431	0.0059559639
1432	0.0064084665
1433	0.0066210120
1434	0.0059747892
1435	0.0052465643
1436	0.0062979371
1437	0.0063142660
1438	0.0054948106
1439	0.0062910235
1440	0.0059577571
1441	0.0048471028
1442	0.0056312666
1443	0.0065865517
1444	0.0058991713
1445	0.0063672913
1446	0.0061862580
1447	0.0067205597
1448	0.0057011307
1449	0.0044687279
1450	0.0065360731
1451	0.0075410330
1452	0.0057834364
1453	0.0052991682
1454	0.0044256472
1455	0.0048239115
1456	0.0051604565
1457	0.0055781142
1458	0.0055507589
1459	0.0048038689
1460	0.0048337341
1461	0.0054825619
1462	0.0056762476
1463	0.0057471986
1464	0.0059305872
1465	0.0053692413
1466	0.0054753548
1467	0.0064821686
1468	0.0058963378
1469	0.0064819795
1470	0.0077889734
1471	0.0065856874
1472	0.0067558670
1473	0.0069146357
1474	0.0080027403
1475	0.0081147784
1476	0.0086253248
1477	0.0081204204
1478	0.0078416308
1479	0.0092588020
1480	0.0083580781
1481	0.0082605900
1482	0.0086761061
1483	0.0104691898
1484	0.0126255248
1485	0.0115556857
1486	0.0100217843
1487	0.0096670175
1488	0.0117718000
1489	0.0135313775
1490	0.0105621899
1491	0.0110342233
1492	0.0090073999
1493	0.0115106022
1494	0.0144767817
1495	0.0137419235
1496	0.0137861408
1497	0.0133500164
1498	0.0124394679
1499	0.0129691381
1500	0.0152853355
1501	0.0146353673
1502	0.0139010269
1503	0.0124046095
1504	0.0117195835
1505	0.0098574841
1506	0.0105292518
1507	0.0109037822
1508	0.0099688787
1509	0.0096779931
1510	0.0094608953
1511	0.0100866295
1512	0.0115253748
1513	0.0125381481
1514	0.0152303847
1515	0.0165904388
1516	0.0163235236
1517	0.0140641313
1518	0.0125303091
1519	0.0106260004
1520	0.0087471213
1521	0.0097653558
1522	0.0088031879
1523	0.0076326733
1524	0.0082033621
1525	0.0079684081
1526	0.0098547544
1527	0.0082456917
1528	0.0077887126
1529	0.0085117184
1530	0.0089321239
1531	0.0079443278
1532	0.0089819841
1533	0.0102062784
1534	0.0097841192
1535	0.0089235548
1536	0.0074840873
1537	0.0078131547
1538	0.0073765507
1539	0.0099418871
1540	0.0082953535
1541	0.0068616602
1542	0.0066103535
1543	0.0071523231
1544	0.0074097919
1545	0.0093896287
1546	0.0075153038
1547	0.0087362081
1548	0.0086163329
1549	0.0090353219
1550	0.0076800678
1551	0.0091458987
1552	0.0080890153
1553	0.0079869740
1554	0.0084423693
1555	0.0083730025
1556	0.0081805158
1557	0.0069494550
1558	0.0070951837
1559	0.0079404814
1560	0.0088881738
1561	0.0090989033
1562	0.0076922695
1563	0.0079164449
1564	0.0084081544
1565	0.0080212504
1566	0.0074941996
1567	0.0069854665
1568	0.0074719619
1569	0.0075513804
1570	0.0084911287
1571	0.0072973189
1572	0.0076617878
1573	0.0090777166
1574	0.0074656173
1575	0.0078792972
1576	0.0071347090
1577	0.0091346549
1578	0.0066937390
1579	0.0068576643
1580	0.0075250859
1581	0.0069312654
1582	0.0073752310
1583	0.0082297195
1584	0.0096506197
1585	0.0074998490
1586	0.0086820414
1587	0.0089578358
1588	0.0077030454
1589	0.0087125367
1590	0.0086233933
1591	0.0077797282
1592	0.0067207683
1593	0.0077512907
1594	0.0092018219
1595	0.0086740861
1596	0.0077886959
1597	0.0079999063
1598	0.0075524710
1599	0.0073105795
1600	0.0080347750
1601	0.0078195436
1602	0.0089003518
1603	0.0076880809
1604	0.0074771461
1605	0.0083852829
1606	0.0082517220
1607	0.0090287775
1608	0.0077497633
1609	0.0078208111
1610	0.0080794487
1611	0.0079160109
1612	0.0074432385
1613	0.0083786855
1614	0.0071306280
1615	0.0079523716
1616	0.0066089896
1617	0.0069723167
1618	0.0079068793
1619	0.0078218374
1620	0.0067801471
1621	0.0080446424
1622	0.0084040835
1623	0.0073123504
1624	0.0071857478
1625	0.0066285548
1626	0.0062200441
1627	0.0077643250
1628	0.0076655648
1629	0.0081622684
1630	0.0063173678
1631	0.0067811781
1632	0.0072152279
1633	0.0075201937
1634	0.0079997806
1635	0.0073749796
1636	0.0077845426
1637	0.0085225385
1638	0.0094186664
1639	0.0109467916
1640	0.0097439392
1641	0.0086901411
1642	0.0076544443
1643	0.0068729650
1644	0.0086823031
1645	0.0079148868
1646	0.0079372562
1647	0.0082877660
1648	0.0071065458
1649	0.0076254862
1650	0.0089509012
1651	0.0088774031
1652	0.0073618474
1653	0.0068292329
1654	0.0083669554
1655	0.0094986092
1656	0.0082994811
1657	0.0078648441
1658	0.0090933582
1659	0.0084300060
1660	0.0067114383
1661	0.0072168596
1662	0.0082845259
1663	0.0071461685
1664	0.0068430407
1665	0.0059462986
1666	0.0052661779
1667	0.0070823906
1668	0.0070689996
1669	0.0072654667
1670	0.0074152700
1671	0.0067994185
1672	0.0065014213
1673	0.0062035285
1674	0.0064155841
1675	0.0064633959
1676	0.0059970631
1677	0.0058417418
1678	0.0061033107
1679	0.0061920504
1680	0.0065959035
1681	0.0062959166
1682	0.0062206252
1683	0.0065700435
1684	0.0070146034
1685	0.0067364103
1686	0.0071439021
1687	0.0068596913
1688	0.0074045155
1689	0.0066753416
1690	0.0058172587
1691	0.0082576768
1692	0.0084919063
1693	0.0071781846
1694	0.0071862889
1695	0.0063781166
1696	0.0067668236
1697	0.0066287005
1698	0.0078603886
1699	0.0075915526
1700	0.0068932432
1701	0.0073673781
1702	0.0083187651
1703	0.0087561468
1704	0.0092063779
1705	0.0066969730
1706	0.0067801434
1707	0.0062772161
1708	0.0071166973
1709	0.0081689339
1710	0.0082403813
1711	0.0079891095
1712	0.0095472205
1713	0.0097600836
1714	0.0085012196
1715	0.0067632589
1716	0.0081526535
1717	0.0082300203
1718	0.0067363856
1719	0.0066592270
1720	0.0074384720
1721	0.0073384615
1722	0.0066010454
1723	0.0070227161
1724	0.0066210902
1725	0.0064520985
1726	0.0075444151
1727	0.0068831514
1728	0.0060294322
1729	0.0061134086
1730	0.0068620211
1731	0.0067681512
1732	0.0058742557
1733	0.0064712758
1734	0.0064945449
1735	0.0069797998
1736	0.0068121613
1737	0.0070428555
1738	0.0065016025
1739	0.0066797300
1740	0.0065909252
1741	0.0071160803
1742	0.0070100846
1743	0.0062296013
1744	0.0074713505
1745	0.0081467517
1746	0.0067370785
1747	0.0074051493
1748	0.0073904516
1749	0.0088178590
1750	0.0075265458
1751	0.0074533857
1752	0.0072778012
1753	0.0076752552
1754	0.0083680023
1755	0.0082404111
1756	0.0089539252
1757	0.0078648515
1758	0.0072765285
1759	0.0071636997
1760	0.0075861192
1761	0.0077542127
1762	0.0069169942
1763	0.0066422937
1764	0.0059289816
1765	0.0060738330
1766	0.0060659344
1767	0.0065771514
1768	0.0075511266
1769	0.0069766887
1770	0.0055671190
1771	0.0060479026
1772	0.0070146509
1773	0.0075470330
1774	0.0055059120
1775	0.0048699486
1776	0.0066702235
1777	0.0067099156
1778	0.0060829171
1779	0.0058322437
1780	0.0053265439
1781	0.0046872832
1782	0.0048025148
1783	0.0058303298
1784	0.0060145855
1785	0.0049379040
1786	0.0047271196
1787	0.0047892402
1788	0.0043965410
1789	0.0056129936
1790	0.0046052504
1791	0.0052329879
1792	0.0048143910
1793	0.0053167539
1794	0.0048447009
1795	0.0048939679
1796	0.0049627172
1797	0.0051300596
1798	0.0044440608
1799	0.0035731122
1800	0.0045587923
1801	0.0043022088
1802	0.0041375966
1803	0.0038785196
1804	0.0041792858
1805	0.0040674731
1806	0.0042011491
1807	0.0041315192
1808	0.0055003692
1809	0.0047332682
1810	0.0039232280
1811	0.0045268359
1812	0.0039383806
1813	0.0044031222
1814	0.0044902959
1815	0.0042651719
1816	0.0051855827
1817	0.0043820958
1818	0.0043857130
1819	0.0053733424
1820	0.0045136753
1821	0.0042299004
1822	0.0044979430
1823	0.0045757676
1824	0.0038492854
1825	0.0039548879
1826	0.0046988144
1827	0.0045767985
1828	0.0047082179
1829	0.0049431948
1830	0.0048558386
1831	0.0044841394
1832	0.0044199792
1833	0.0039838240
1834	0.0038750235
1835	0.0038634904
1836	0.0044419589
1837	0.0053779548
1838	0.0046141897
1839	0.0037627907
1840	0.0042695133
1841	0.0053417217
1842	0.0049587237
1843	0.0044201491
1844	0.0053743888
1845	0.0044565988
1846	0.0048657749
1847	0.0046015489
1848	0.0042628269
1849	0.0045581544
1850	0.0046148715
1851	0.0042065633
1852	0.0055880640
1853	0.0051153982
1854	0.0047850288
1855	0.0044619688
1856	0.0044267941
1857	0.0048546251
1858	0.0051958100
1859	0.0064689186
1860	0.0049329712
1861	0.0044282340
1862	0.0051886211
1863	0.0048482218
1864	0.0046772780
1865	0.0048581329
1866	0.0049231215
1867	0.0050761960
1868	0.0059624296
1869	0.0053211227
1870	0.0053908248
1871	0.0054859011
1872	0.0066121751
1873	0.0057734335
1874	0.0057809921
1875	0.0060357824
1876	0.0056202128
1877	0.0063604857
1878	0.0064430106
1879	0.0059063211
1880	0.0049862089
1881	0.0055638412
1882	0.0050906590
1883	0.0052486369
1884	0.0055183177
1885	0.0062459754
1886	0.0056565898
1887	0.0058575347
1888	0.0066880547
1889	0.0067543108
1890	0.0055864220
1891	0.0055326880
1892	0.0053437413
1893	0.0058661797
1894	0.0055791186
1895	0.0069277207
1896	0.0065661515
1897	0.0062965048
1898	0.0055767288
1899	0.0054170783
1900	0.0055640684
1901	0.0054573705
1902	0.0061119543
1903	0.0062014824
1904	0.0065206862
1905	0.0052900743
1906	0.0053904946
1907	0.0060247486
1908	0.0056113028
1909	0.0062669977
1910	0.0059596547
1911	0.0051394515
1912	0.0060266554
1913	0.0073729884
1914	0.0053922860
1915	0.0056679193
1916	0.0070994706
1917	0.0072944630
1918	0.0068815383
1919	0.0064539635
1920	0.0076817009
1921	0.0057153329
1922	0.0062454171
1923	0.0082634110
1924	0.0057108928
1925	0.0061474591
1926	0.0065672603
1927	0.0067719431
1928	0.0068065636
1929	0.0070327828
1930	0.0081605986
1931	0.0066886037
1932	0.0063469335
1933	0.0070899329
1934	0.0069701783
1935	0.0083215367
1936	0.0076131951
1937	0.0080860294
1938	0.0103129949
1939	0.0119591979
1940	0.0109624518
1941	0.0089830682
1942	0.0089655239
1943	0.0092154117
1944	0.0082351221
1945	0.0082447808
1946	0.0091659017
1947	0.0105768638
1948	0.0099239107
1949	0.0104318364
1950	0.0118874414
1951	0.0128261615
1952	0.0137154954
1953	0.0123788072
1954	0.0123183448
1955	0.0127435820
1956	0.0122551899
1957	0.0109055378
1958	0.0135222049
1959	0.0109592173
1960	0.0087855114
1961	0.0098495334
1962	0.0103495643
1963	0.0111424252
1964	0.0092263268
1965	0.0081645027
1966	0.0101555679
1967	0.0090159625
1968	0.0096259508
1969	0.0093715293
1970	0.0092116101
1971	0.0086528612
1972	0.0086439522
1973	0.0074741920
1974	0.0071109105
1975	0.0069237412
1976	0.0084856292
1977	0.0101251705
1978	0.0099057499
1979	0.0104067773
1980	0.0077454140
1981	0.0076306104
1982	0.0066536688
1983	0.0069183996
1984	0.0066768643
1985	0.0085071595
1986	0.0082303444
1987	0.0076582446
1988	0.0068786787
1989	0.0072330409
1990	0.0069563133
1991	0.0063617523
1992	0.0063718553
1993	0.0089951055
1994	0.0086647719
1995	0.0076209572
1996	0.0073713730
1997	0.0075409757
1998	0.0066383020
1999	0.0066230288
2000	0.0063017048
