5	0.0010573011
6	0.0007962807
7	0.0006282188
8	0.0005582300
9	0.0005520939
10	0.0005459649
11	0.0008966243
12	0.0010706572
13	0.0009687400
14	0.0014357364
15	0.0021062444
16	0.0023560184
17	0.0026904375
18	0.0023090490
19	0.0037694580
20	0.0034902922
21	0.0035556182
22	0.0022289506
23	0.0017318794
24	0.0020535204
25	0.0020703569
26	0.0012249117
27	0.0007310583
28	0.0008298680
29	0.0012376811
30	0.0009677845
31	0.0012933437
32	0.0014597606
33	0.0013564546
34	0.0012360455
35	0.0014763260
36	0.0011685365
37	0.0011380581
38	0.0010535413
39	0.0006916197
40	0.0007127936
41	0.0006911011
42	0.0006827136
43	0.0007021158
44	0.0006880918
45	0.0006279818
46	0.0007677617
47	0.0009393049
48	0.0009844608
49	0.0008750506
50	0.0011051575
51	0.0011798557
52	0.0011125144
53	0.0009276601
54	0.0011666983
55	0.0014403105
56	0.0014496506
57	0.0017490716
58	0.0017474123
59	0.0018157995
60	0.0020332406
61	0.0023051563
62	0.0033893392
63	0.0031140207
64	0.0027277083
65	0.0036659434
66	0.0048865164
67	0.0049965628
68	0.0052826060
69	0.0049014920
70	0.0045402097
71	0.0040351893
72	0.0033734830
73	0.0029563166
74	0.0025204332
75	0.0021316032
76	0.0023017011
77	0.0021656342
78	0.0024129970
79	0.0019653214
80	0.0021260420
81	0.0020740416
82	0.0020772612
83	0.0023624976
84	0.0018539821
85	0.0015830797
86	0.0020482508
87	0.0022050603
88	0.0020532387
89	0.0023617346
90	0.0024318425
91	0.0027915190
92	0.0038464572
93	0.0041503059
94	0.0040658130
95	0.0052645491
96	0.0057313531
97	0.0056323847
98	0.0093924236
99	0.0138514815
100	0.0144406296
101	0.0184446909
102	0.0203562770
103	0.0213280544
104	0.0186596774
105	0.0167339314
106	0.0162133873
107	0.0170434304
108	0.0143189011
109	0.0104734842
110	0.0125663318
111	0.0130212056
112	0.0101351207
113	0.0102511290
114	0.0109971203
115	0.0105885984
116	0.0082561616
117	0.0079002930
118	0.0080414442
119	0.0079712663
120	0.0090372106
121	0.0078909099
122	0.0068783746
123	0.0083806589
124	0.0077149081
125	0.0075333919
126	0.0069670416
127	0.0063696895
128	0.0068301605
129	0.0069961050
130	0.0061868257
131	0.0056648762
132	0.0058150711
133	0.0062683378
134	0.0063747964
135	0.0069290511
136	0.0069148960
137	0.0061426293
138	0.0055403989
139	0.0054876148
140	0.0046440004
141	0.0042757783
142	0.0039275442
143	0.0037987474
144	0.0038851302
145	0.0043671634
146	0.0037645919
147	0.0042472561
148	0.0042800992
149	0.0035395271
150	0.0031477916
151	0.0033574030
152	0.0035139415
153	0.0032188795
154	0.0031293479
155	0.0027362320
156	0.0024719839
157	0.0020234315
158	0.0016973022
159	0.0015307445
160	0.0015408404
161	0.0016157245
162	0.0024485632
163	0.0029281231
164	0.0038978334
165	0.0041315714
166	0.0053756512
167	0.0052852002
168	0.0056815520
169	0.0057099792
170	0.0045769471
171	0.0037317451
172	0.0036737167
173	0.0031043864
174	0.0026430492
175	0.0022313087
176	0.0015822813
177	0.0016137011
178	0.0015895566
179	0.0016297176
180	0.0015591633
181	0.0016057732
182	0.0016715776
183	0.0017752644
184	0.0016042719
185	0.0016520821
186	0.0019374549
187	0.0019799657
188	0.0022645115
189	0.0021963229
190	0.0022472760
191	0.0021793211
192	0.0025972282
193	0.0028240641
194	0.0019946438
195	0.0033033367
196	0.0033171028
197	0.0029213990
198	0.0030171720
199	0.0035204277
200	0.0029531182
201	0.0025760778
202	0.0033175983
203	0.0032221335
204	0.0031272050
205	0.0027981505
206	0.0025489512
207	0.0023110511
208	0.0029267655
209	0.0034912881
210	0.0036071534
211	0.0039363871
212	0.0035668416
213	0.0033102331
214	0.0036515831
215	0.0046176426
216	0.0039542592
217	0.0036441919
218	0.0034123105
219	0.0039263261
220	0.0048431265
221	0.0055754837
222	0.0054237414
223	0.0042583025
224	0.0042960932
225	0.0044653798
226	0.0041099107
227	0.0048830928
228	0.0056366804
229	0.0045430884
230	0.0043446710
231	0.0040174210
232	0.0047960654
233	0.0043280935
234	0.0051857848
235	0.0054766596
236	0.0055952133
237	0.0055635236
238	0.0061065746
239	0.0062820874
240	0.0056342767
241	0.0073778597
242	0.0071990401
243	0.0064136591
244	0.0063895495
245	0.0075775725
246	0.0079332422
247	0.0066768741
248	0.0086687710
249	0.0104432898
250	0.0114979437
251	0.0116737112
252	0.0098032979
253	0.0097223334
254	0.0122422269
255	0.0130521478
256	0.0134827932
257	0.0114560500
258	0.0133355074
259	0.0132520273
260	0.0137204202
261	0.0124797840
262	0.0147913508
263	0.0147815207
264	0.0151216192
265	0.0175104700
266	0.0210653860
267	0.0210407339
268	0.0216251910
269	0.0197904706
270	0.0192119498
271	0.0192277543
272	0.0157388262
273	0.0170441810
274	0.0166298710
275	0.0152091067
276	0.0187065024
277	0.0164487865
278	0.0150699820
279	0.0174071826
280	0.0143895149
281	0.0104455445
282	0.0094513148
283	0.0085951807
284	0.0059298500
285	0.0058102100
286	0.0075042630
287	0.0058723087
288	0.0055187065
289	0.0071693845
290	0.0085302852
291	0.0064161876
292	0.0058067087
293	0.0072984532
294	0.0070894994
295	0.0067739636
296	0.0080490001
297	0.0101599125
298	0.0093228789
299	0.0108986832
300	0.0139769567
301	0.0159953143
302	0.0184284858
303	0.0233574063
304	0.0307434388
305	0.0294907391
306	0.0347059593
307	0.0491041653
308	0.0555558093
309	0.0590924360
310	0.0562454276
311	0.0454288870
312	0.0421124958
313	0.0439093336
314	0.0485154837
315	0.0575350113
316	0.0535428375
317	0.0604054220
318	0.0642870590
319	0.0591069385
320	0.0543229543
321	0.0541509241
322	0.0596330613
323	0.0682113171
324	0.0755721778
325	0.0577022918
326	0.0573385395
327	0.0494938865
328	0.0320326500
329	0.0192436650
330	0.0131389704
331	0.0102006970
332	0.0071343463
333	0.0062401611
334	0.0054792510
335	0.0050607244
336	0.0036490841
337	0.0036169670
338	0.0029099279
339	0.0021740592
340	0.0015995809
341	0.0014414801
342	0.0015365814
343	0.0009965360
344	0.0007797752
345	0.0006404985
346	0.0006908260
347	0.0006728157
348	0.0006572371
349	0.0006585513
350	0.0006461361
351	0.0006787475
352	0.0008070944
353	0.0009625049
354	0.0011603354
355	0.0012462103
356	0.0012659458
357	0.0016902129
358	0.0018718350
359	0.0021637368
360	0.0023204070
361	0.0023107266
362	0.0023212084
363	0.0026872526
364	0.0028933443
365	0.0031864322
366	0.0031715063
367	0.0036323119
368	0.0033420762
369	0.0034973500
370	0.0038237362
371	0.0035788254
372	0.0039469982
373	0.0041004675
374	0.0043388624
375	0.0043823035
376	0.0039506359
377	0.0038717992
378	0.0047505093
379	0.0052515385
380	0.0041031828
381	0.0046267002
382	0.0035277333
383	0.0031895544
384	0.0031472968
385	0.0036484422
386	0.0036596269
387	0.0043296502
388	0.0041719754
389	0.0038049899
390	0.0036535906
391	0.0037711507
392	0.0038431250
393	0.0041243425
394	0.0037158469
395	0.0042530359
396	0.0055345688
397	0.0058048195
398	0.0057519004
399	0.0069351546
400	0.0074810963
401	0.0072572175
402	0.0083754193
403	0.0087995147
404	0.0094756885
405	0.0109588327
406	0.0133873271
407	0.0151949413
408	0.0148711428
409	0.0168520138
410	0.0192690212
411	0.0203550700
412	0.0203488767
413	0.0208129883
414	0.0248681735
415	0.0244833827
416	0.0252801143
417	0.0256873593
418	0.0247284099
419	0.0284032244
420	0.0281463582
421	0.0273011271
422	0.0282907765
423	0.0295053627
424	0.0250834413
425	0.0281034261
426	0.0303842705
427	0.0278229378
428	0.0357750207
429	0.0330643766
430	0.0332806110
431	0.0384949744
432	0.0444344208
433	0.0418174453
434	0.0498429388
435	0.0542203188
436	0.0563431345
437	0.0632994846
438	0.0663645193
439	0.0635114908
440	0.0610948093
441	0.0655971542
442	0.0694108233
443	0.0619112141
444	0.0733197927
445	0.0931066126
446	0.0794544891
447	0.0766162574
448	0.0747318342
449	0.0724689290
450	0.0747970343
451	0.0771220624
452	0.0863325670
453	0.0894766748
454	0.0746951625
455	0.0791854784
456	0.0864605010
457	0.0783990473
458	0.0931341499
459	0.0814004019
460	0.0973527133
461	0.1031646654
462	0.1086294651
463	0.1186782569
464	0.1019914150
465	0.1093911305
466	0.1097599790
467	0.0886094272
468	0.0943236053
469	0.1041030586
470	0.1232019663
471	0.1504202783
472	0.1267843097
473	0.1063884050
474	0.1262067556
475	0.1366753429
476	0.1094819158
477	0.1221630499
478	0.1479263455
479	0.1519072205
480	0.1502598226
481	0.1352655292
482	0.1296332479
483	0.1099796370
484	0.1143723950
485	0.1127366722
486	0.0971727446
487	0.1030322313
488	0.1053887904
489	0.1016380638
490	0.0889595374
491	0.0913203433
492	0.0913603529
493	0.0912305117
494	0.0911856145
495	0.0791465789
496	0.0781633630
497	0.0775422826
498	0.0687909797
499	0.0737814829
500	0.0698847920
501	0.0824227035
502	0.0805443823
503	0.0740824640
504	0.0713157579
505	0.0575607084
506	0.0526338443
507	0.0598260909
508	0.0553974211
509	0.0523025170
510	0.0490885638
511	0.0553418025
512	0.0401925668
513	0.0316868834
514	0.0443351753
515	0.0387972146
516	0.0366980694
517	0.0392358601
518	0.0396978669
519	0.0395623408
520	0.0454865322
521	0.0564585924
522	0.0481474288
523	0.0493548177
524	0.0474108607
525	0.0457819514
526	0.0392992534
527	0.0394990593
528	0.0482339114
529	0.0536115281
530	0.0531443022
531	0.0397324190
532	0.0470602922
533	0.0463888198
534	0.0388358571
535	0.0364352874
536	0.0432579480
537	0.0403274111
538	0.0391467623
539	0.0389216989
540	0.0390519835
541	0.0369275771
542	0.0366040170
543	0.0253164358
544	0.0195469037
545	0.0169895999
546	0.0195746925
547	0.0239565801
548	0.0216071215
549	0.0239923093
550	0.0223990120
551	0.0229227189
552	0.0235416498
553	0.0211698730
554	0.0183867961
555	0.0151038431
556	0.0157969557
557	0.0158895738
558	0.0120897964
559	0.0109316502
560	0.0105342884
561	0.0124934409
562	0.0113368351
563	0.0101795476
564	0.0089977114
565	0.0094596380
566	0.0087213581
567	0.0086682821
568	0.0088137360
569	0.0089064874
570	0.0079416530
571	0.0087096542
572	0.0076465090
573	0.0073722224
574	0.0075045829
575	0.0079957349
576	0.0065473057
577	0.0058373162
578	0.0065685967
579	0.0054464736
580	0.0059792716
581	0.0059314282
582	0.0057432433
583	0.0053336653
584	0.0053152391
585	0.0053738984
586	0.0052588610
587	0.0055519855
588	0.0051257340
589	0.0049274960
590	0.0051091276
591	0.0056577330
592	0.0052929823
593	0.0055753686
594	0.0055447109
595	0.0059629721
596	0.0064392625
597	0.0054983678
598	0.0062065604
599	0.0060304706
600	0.0054486413
601	0.0054956302
602	0.0057054260
603	0.0063811154
604	0.0057760500
605	0.0058163041
606	0.0065725967
607	0.0065285582
608	0.0074659842
609	0.0077965292
610	0.0077563212
611	0.0065016886
612	0.0067149801
613	0.0058146277
614	0.0061447276
615	0.0062059057
616	0.0080698086
617	0.0087270774
618	0.0096275900
619	0.0085658934
620	0.0076757665
621	0.0071712243
622	0.0059098573
623	0.0062742908
624	0.0082082236
625	0.0065889400
626	0.0058316346
627	0.0075634993
628	0.0079045966
629	0.0067498907
630	0.0066326261
631	0.0081966091
632	0.0089452211
633	0.0093480917
634	0.0102991005
635	0.0091534592
636	0.0092852116
637	0.0095644668
638	0.0083235074
639	0.0075388015
640	0.0076830047
641	0.0058717672
642	0.0072285947
643	0.0083304755
644	0.0095036495
645	0.0083774133
646	0.0074506188
647	0.0078010708
648	0.0084074643
649	0.0099567929
650	0.0094114449
651	0.0080195349
652	0.0071619544
653	0.0070954440
654	0.0066024712
655	0.0075648446
656	0.0075306385
657	0.0067684697
658	0.0065035261
659	0.0058098333
660	0.0065386426
661	0.0075800088
662	0.0071300315
663	0.0077386494
664	0.0093826652
665	0.0081572738
666	0.0058653047
667	0.0065109585
668	0.0067998618
669	0.0064955028
670	0.0068676108
671	0.0067333952
672	0.0054400018
673	0.0054872222
674	0.0051971562
675	0.0050954418
676	0.0048840875
677	0.0049976814
678	0.0041210088
679	0.0042591626
680	0.0046965545
681	0.0041046585
682	0.0039468999
683	0.0041124267
684	0.0034725862
685	0.0034007034
686	0.0030986962
687	0.0033740085
688	0.0031546359
689	0.0045839697
690	0.0036060743
691	0.0034706623
692	0.0031741015
693	0.0030926953
694	0.0033707921
695	0.0032978386
696	0.0026515906
697	0.0025858525
698	0.0032241801
699	0.0033062852
700	0.0029424229
701	0.0028078069
702	0.0029827328
703	0.0030201410
704	0.0024806026
705	0.0023907614
706	0.0022482616
707	0.0023718921
708	0.0028226587
709	0.0027288159
710	0.0025264884
711	0.0023501860
712	0.0021718922
713	0.0021244762
714	0.0021319098
715	0.0023042115
716	0.0023405098
717	0.0023120611
718	0.0024361673
719	0.0029519564
720	0.0025305697
721	0.0021043937
722	0.0022098797
723	0.0021447246
724	0.0019204393
725	0.0022853967
726	0.0021665210
727	0.0019927907
728	0.0020015126
729	0.0016148589
730	0.0018020544
731	0.0024739308
732	0.0024984600
733	0.0022306941
734	0.0019998227
735	0.0021411248
736	0.0018416891
737	0.0018554959
738	0.0022058291
739	0.0022709221
740	0.0019179187
741	0.0019359252
742	0.0017649891
743	0.0018652809
744	0.0021480999
745	0.0025472813
746	0.0022323874
747	0.0023484228
748	0.0020769967
749	0.0017461099
750	0.0019027464
751	0.0020465760
752	0.0020677126
753	0.0022819052
754	0.0021184869
755	0.0023437475
756	0.0029579264
757	0.0022752269
758	0.0022436045
759	0.0023208912
760	0.0023038187
761	0.0024848511
762	0.0022885350
763	0.0024238019
764	0.0026351553
765	0.0026870363
766	0.0029840413
767	0.0028577431
768	0.0028738175
769	0.0029664596
770	0.0026178216
771	0.0027049666
772	0.0028024744
773	0.0027797578
774	0.0033612433
775	0.0042198189
776	0.0038425818
777	0.0041213604
778	0.0033837811
779	0.0032201363
780	0.0027904373
781	0.0032477651
782	0.0035096183
783	0.0038377896
784	0.0033322645
785	0.0030903807
786	0.0030875804
787	0.0033650186
788	0.0036443577
789	0.0035527707
790	0.0035266667
791	0.0033714296
792	0.0036091150
793	0.0040762112
794	0.0041220221
795	0.0043450803
796	0.0039596427
797	0.0040823189
798	0.0037179403
799	0.0039087664
800	0.0048120385
801	0.0050512385
802	0.0054071471
803	0.0066060396
804	0.0075119948
805	0.0058642616
806	0.0062422301
807	0.0059293169
808	0.0049857968
809	0.0058680703
810	0.0072264457
811	0.0072945859
812	0.0073487461
813	0.0074421000
814	0.0076060002
815	0.0086309686
816	0.0094138794
817	0.0087921163
818	0.0090018902
819	0.0104046436
820	0.0121256718
821	0.0109124286
822	0.0098896725
823	0.0086789122
824	0.0096094944
825	0.0107061230
826	0.0133526362
827	0.0150625240
828	0.0155095095
829	0.0160631258
830	0.0209166482
831	0.0222823340
832	0.0206036195
833	0.0247711893
834	0.0227955841
835	0.0254773591
836	0.0290174596
837	0.0292272922
838	0.0270768814
839	0.0342550837
840	0.0414408594
841	0.0320434645
842	0.0315780714
843	0.0359815806
844	0.0363004841
845	0.0349878706
846	0.0351760127
847	0.0406624004
848	0.0494466312
849	0.0481933765
850	0.0340603776
851	0.0442232676
852	0.0432374924
853	0.0421711504
854	0.0389873199
855	0.0361153744
856	0.0377186723
857	0.0352501944
858	0.0367008448
859	0.0381979756
860	0.0319541097
861	0.0295532662
862	0.0322714783
863	0.0360727683
864	0.0331387036
865	0.0361320525
866	0.0325113311
867	0.0303451773
868	0.0385089815
869	0.0417500883
870	0.0428758450
871	0.0384260118
872	0.0467453748
873	0.0433460735
874	0.0393119156
875	0.0337120704
876	0.0325962566
877	0.0362685323
878	0.0318220854
879	0.0278159864
880	0.0278371405
881	0.0235486068
882	0.0210786890
883	0.0186624099
884	0.0194665324
885	0.0163075067
886	0.0158553105
887	0.0177676119
888	0.0178894140
889	0.0153587013
890	0.0143846665
891	0.0159405079
892	0.0140922815
893	0.0140911732
894	0.0143312830
895	0.0147135314
896	0.0119713293
897	0.0127686597
898	0.0142439175
899	0.0127390493
900	0.0133982738
901	0.0127832480
902	0.0128438091
903	0.0138362385
904	0.0151188681
905	0.0157223437
906	0.0152121233
907	0.0130788879
908	0.0119468700
909	0.0119196149
910	0.0133748809
911	0.0140586421
912	0.0166326463
913	0.0153736211
914	0.0171551816
915	0.0200458523
916	0.0142215407
917	0.0137161706
918	0.0136581603
919	0.0167786554
920	0.0172724798
921	0.0160775818
922	0.0154147083
923	0.0150618963
924	0.0161340665
925	0.0215104166
926	0.0229201615
927	0.0162804518
928	0.0158257484
929	0.0142029328
930	0.0177740753
931	0.0236221645
932	0.0189300217
933	0.0201010406
934	0.0266175717
935	0.0242611095
936	0.0162391253
937	0.0130395675
938	0.0138904294
939	0.0124322670
940	0.0113071464
941	0.0119453408
942	0.0113311773
943	0.0123972381
944	0.0111972615
945	0.0122790299
946	0.0137524875
947	0.0129960822
948	0.0114932070
949	0.0120606190
950	0.0096114399
951	0.0128892045
952	0.0129917562
953	0.0109691471
954	0.0103551596
955	0.0115912352
956	0.0133549655
957	0.0132185752
958	0.0126310755
959	0.0123425024
960	0.0126538025
961	0.0134226158
962	0.0120855831
963	0.0127336532
964	0.0140982214
965	0.0111366035
966	0.0127225081
967	0.0143867210
968	0.0152501827
969	0.0130856456
970	0.0145691400
971	0.0135066984
972	0.0120789520
973	0.0128514115
974	0.0130048655
975	0.0126178851
976	0.0131641477
977	0.0128578572
978	0.0162801631
979	0.0172531642
980	0.0143411206
981	0.0131863719
982	0.0137437731
983	0.0162781999
984	0.0140049504
985	0.0159150194
986	0.0147833731
987	0.0146355936
988	0.0156926923
989	0.0174761396
990	0.0188178252
991	0.0196450818
992	0.0155718504
993	0.0186643749
994	0.0176232848
995	0.0144700333
996	0.0131969396
997	0.0172405913
998	0.0164682548
999	0.0143922111
1000	0.0183202494
1001	0.0132764187
1002	0.0150500704
1003	0.0153117552
1004	0.0145405252
1005	0.0140118534
1006	0.0120899342
1007	0.0099737225
1008	0.0122071477
1009	0.0127236871
1010	0.0109170545
1011	0.0102640837
1012	0.0099226143
1013	0.0087502655
1014	0.0075402739
1015	0.0086793192
1016	0.0097932750
1017	0.0087953750
1018	0.0090429364
1019	0.0093090665
1020	0.0063560181
1021	0.0066060922
1022	0.0064940676
1023	0.0059569180
1024	0.0066189840
1025	0.0074926745
1026	0.0065591484
1027	0.0057340814
1028	0.0060977489
1029	0.0074689360
1030	0.0062079760
1031	0.0051568309
1032	0.0045204419
1033	0.0046245274
1034	0.0047285073
1035	0.0042130849
1036	0.0050949077
1037	0.0052072001
1038	0.0051899157
1039	0.0045336252
1040	0.0051617613
1041	0.0052273213
1042	0.0067665735
1043	0.0073151845
1044	0.0063488921
1045	0.0063486798
1046	0.0069304816
1047	0.0076655084
1048	0.0075856275
1049	0.0064723939
1050	0.0060046511
1051	0.0058051245
1052	0.0060028913
1053	0.0065161618
1054	0.0061602024
1055	0.0069987872
1056	0.0069675855
1057	0.0052533508
1058	0.0049174428
1059	0.0045828451
1060	0.0043282583
1061	0.0042189891
1062	0.0038853439
1063	0.0035679755
1064	0.0030409859
1065	0.0020378849
1066	0.0016397234
1067	0.0016128381
1068	0.0015512456
1069	0.0015403007
1070	0.0016980601
1071	0.0017428629
1072	0.0017993526
1073	0.0016533789
1074	0.0018648853
1075	0.0019589597
1076	0.0015429760
1077	0.0017259142
1078	0.0018037405
1079	0.0020676176
1080	0.0017873102
1081	0.0016382112
1082	0.0014529168
1083	0.0012659620
1084	0.0014635482
1085	0.0017036779
1086	0.0017345422
1087	0.0015367547
1088	0.0015498841
1089	0.0014326416
1090	0.0014889595
1091	0.0018114886
1092	0.0020106246
1093	0.0020452896
1094	0.0023899754
1095	0.0022773906
1096	0.0019768444
1097	0.0020354975
1098	0.0018846071
1099	0.0021134634
1100	0.0021526066
1101	0.0018958865
1102	0.0015765828
1103	0.0020053824
1104	0.0027418155
1105	0.0026551166
1106	0.0020059056
1107	0.0029834486
1108	0.0025699481
1109	0.0024254611
1110	0.0023784027
1111	0.0023719789
1112	0.0023066306
1113	0.0020035559
1114	0.0016697336
1115	0.0020326530
1116	0.0021933175
1117	0.0020422204
1118	0.0019259508
1119	0.0022925066
1120	0.0018649385
1121	0.0018012633
1122	0.0017689347
1123	0.0018002051
1124	0.0019958257
1125	0.0015424904
1126	0.0014990721
1127	0.0015729791
1128	0.0019519310
1129	0.0020844671
1130	0.0019824142
1131	0.0020581901
1132	0.0015559959
1133	0.0016005698
1134	0.0017706052
1135	0.0018788582
1136	0.0019300845
1137	0.0019024611
1138	0.0021317212
1139	0.0018936511
1140	0.0019804293
1141	0.0022716706
1142	0.0019366841
1143	0.0018363681
1144	0.0017589730
1145	0.0017982991
1146	0.0019008635
1147	0.0020022846
1148	0.0022540428
1149	0.0018891386
1150	0.0022065111
1151	0.0025637178
1152	0.0023236219
1153	0.0021001783
1154	0.0022827045
1155	0.0027156086
1156	0.0025110038
1157	0.0025089113
1158	0.0027472186
1159	0.0030412613
1160	0.0027785527
1161	0.0025691381
1162	0.0029040633
1163	0.0026454323
1164	0.0025820818
1165	0.0028050570
1166	0.0030543327
1167	0.0035628823
1168	0.0028289766
1169	0.0028065734
1170	0.0034927495
1171	0.0041330718
1172	0.0040623839
1173	0.0037902426
1174	0.0039484487
1175	0.0042438256
1176	0.0047029592
1177	0.0044854060
1178	0.0048532113
1179	0.0040569995
1180	0.0043570148
1181	0.0044739903
1182	0.0053497711
1183	0.0050747590
1184	0.0050738528
1185	0.0044356007
1186	0.0050902148
1187	0.0046337894
1188	0.0052977055
1189	0.0049647428
1190	0.0051155798
1191	0.0053507523
1192	0.0054126331
1193	0.0053069470
1194	0.0052404143
1195	0.0060051102
1196	0.0064976006
1197	0.0058572651
1198	0.0058915345
1199	0.0066376063
1200	0.0055902461
1201	0.0070076571
1202	0.0062972573
1203	0.0057146233
1204	0.0063051507
1205	0.0066803610
1206	0.0080871284
1207	0.0082027018
1208	0.0082663242
1209	0.0088765267
1210	0.0098845474
1211	0.0105188554
1212	0.0105724894
1213	0.0109103518
1214	0.0111984629
1215	0.0112296017
1216	0.0103300391
1217	0.0097266352
1218	0.0107946154
1219	0.0105452994
1220	0.0126636708
1221	0.0133466478
1222	0.0123788705
1223	0.0192288104
1224	0.0216251928
1225	0.0204101987
1226	0.0202778224
1227	0.0211608764
1228	0.0207140185
1229	0.0207049418
1230	0.0280275848
1231	0.0236690696
1232	0.0275259186
1233	0.0255925916
1234	0.0264227372
1235	0.0281775761
1236	0.0295662358
1237	0.0296854135
1238	0.0325122736
1239	0.0350372903
1240	0.0372696444
1241	0.0352443047
1242	0.0359204076
1243	0.0349446684
1244	0.0374958776
1245	0.0353888832
1246	0.0347975157
1247	0.0372092724
1248	0.0416938886
1249	0.0451343767
1250	0.0404215604
1251	0.0371258296
1252	0.0394550860
1253	0.0402662195
1254	0.0391402096
1255	0.0394241922
1256	0.0487240143
1257	0.0371708535
1258	0.0284135584
1259	0.0332984701
1260	0.0287050568
1261	0.0278432425
1262	0.0347914211
1263	0.0269355141
1264	0.0224145222
1265	0.0265527125
1266	0.0264057145
1267	0.0297815315
1268	0.0281592738
1269	0.0252810698
1270	0.0223164745
1271	0.0276605673
1272	0.0237755794
1273	0.0230822805
1274	0.0234326869
1275	0.0221478380
1276	0.0228157211
1277	0.0212273393
1278	0.0214508828
1279	0.0194071941
1280	0.0213567037
1281	0.0230005942
1282	0.0221407767
1283	0.0184110664
1284	0.0256096795
1285	0.0265842453
1286	0.0288722832
1287	0.0230982061
1288	0.0173416175
1289	0.0169621091
1290	0.0177020431
1291	0.0172328129
1292	0.0167034902
1293	0.0158615112
1294	0.0146002760
1295	0.0172193348
1296	0.0183740500
1297	0.0168974921
1298	0.0183980409
1299	0.0165916570
1300	0.0175774321
1301	0.0172431692
1302	0.0157600455
1303	0.0129686361
1304	0.0177591201
1305	0.0161944274
1306	0.0132156434
1307	0.0131229451
1308	0.0140898954
1309	0.0159971267
1310	0.0154530369
1311	0.0136866989
1312	0.0139747830
1313	0.0153394360
1314	0.0138655221
1315	0.0140382713
1316	0.0152435582
1317	0.0155244507
1318	0.0126654273
1319	0.0140845403
1320	0.0139419101
1321	0.0135752773
1322	0.0114752166
1323	0.0131482948
1324	0.0151717365
1325	0.0131187802
1326	0.0132393800
1327	0.0160549413
1328	0.0154989129
1329	0.0145246917
1330	0.0133697670
1331	0.0129833128
1332	0.0125356242
1333	0.0125552826
1334	0.0113308085
1335	0.0119748814
1336	0.0142950146
1337	0.0125751030
1338	0.0135429222
1339	0.0126504339
1340	0.0112560205
1341	0.0123137729
1342	0.0143526411
1343	0.0126380222
1344	0.0120972116
1345	0.0153852105
1346	0.0153925428
1347	0.0117014069
1348	0.0124254422
1349	0.0113309966
1350	0.0119657097
1351	0.0151159391
1352	0.0167872366
1353	0.0139900772
1354	0.0147175211
1355	0.0145710818
1356	0.0146942642
1357	0.0151270851
1358	0.0122532034
1359	0.0144940708
1360	0.0146960113
1361	0.0151291862
1362	0.0136504248
1363	0.0118737640
1364	0.0151723884
1365	0.0190266781
1366	0.0185944159
1367	0.0178728532
1368	0.0173879731
1369	0.0166364592
1370	0.0153258964
1371	0.0147984261
1372	0.0135217812
1373	0.0144683225
1374	0.0133285122
1375	0.0148530267
1376	0.0160186961
1377	0.0140956715
1378	0.0144828111
1379	0.0177938957
1380	0.0172800645
1381	0.0135576613
1382	0.0161947254
1383	0.0161486976
1384	0.0172368586
1385	0.0168947317
1386	0.0140265301
1387	0.0135150142
1388	0.0139942719
1389	0.0156545397
1390	0.0198021922
1391	0.0184859652
1392	0.0143817682
1393	0.0145752989
1394	0.0173301529
1395	0.0178125296
1396	0.0171755571
1397	0.0187361203
1398	0.0171219800
1399	0.0157877821
1400	0.0172541570
1401	0.0174069759
1402	0.0132991718
1403	0.0112550873
1404	0.0152956024
1405	0.0165891182
1406	0.0141335847
1407	0.0124740740
1408	0.0149394311
1409	0.0143498667
1410	0.0141657442
1411	0.0159134977
1412	0.0140407532
1413	0.0145409591
1414	0.0157180838
1415	0.0142095368
1416	0.0143542876
1417	0.0132860569
1418	0.0126022082
1419	0.0127406642
1420	0.0158789940
1421	0.0176584553
1422	0.0145741925
1423	0.0139279822
1424	0.0135336937
1425	0.0136275468
1426	0.0151725188
1427	0.0158152878
1428	0.0159439221
1429	0.0146930963
1430	0.0170421116
1431	0.0156070096
1432	0.0134113859
1433	0.0137482211
1434	0.0131691340
1435	0.0120802308
1436	0.0125838974
1437	0.0157783534
1438	0.0151630268
1439	0.0146360826
1440	0.0146697797
1441	0.0145607870
1442	0.0149410078
1443	0.0142610110
1444	0.0152610922
1445	0.0168595817
1446	0.0148934154
1447	0.0168835707
1448	0.0147866365
1449	0.0128180422
1450	0.0136281382
1451	0.0142674875
1452	0.0150183868
1453	0.0138161983
1454	0.0145732742
1455	0.0164862517
1456	0.0167473909
1457	0.0163231120
1458	0.0171441678
1459	0.0144310007
1460	0.0153094064
1461	0.0153996209
1462	0.0137562240
1463	0.0149069028
1464	0.0155711081
1465	0.0160871316
1466	0.0165598970
1467	0.0201955382
1468	0.0194493029
1469	0.0174230617
1470	0.0164211057
1471	0.0159559604
1472	0.0155395372
1473	0.0163209736
1474	0.0186817646
1475	0.0215343181
1476	0.0185227357
1477	0.0164374840
1478	0.0166715030
1479	0.0179943610
1480	0.0224127993
1481	0.0210542381
1482	0.0201669261
1483	0.0240711737
1484	0.0265938342
1485	0.0281258002
1486	0.0243981723
1487	0.0213178452
1488	0.0232137013
1489	0.0231004525
1490	0.0262528975
1491	0.0300586410
1492	0.0236338824
1493	0.0310664736
1494	0.0362330452
1495	0.0377357453
1496	0.0334826224
1497	0.0334662162
1498	0.0374716260
1499	0.0354568101
1500	0.0350650288
1501	0.0299570598
1502	0.0351668708
1503	0.0411083288
1504	0.0385126472
1505	0.0409536995
1506	0.0433197170
1507	0.0361317806
1508	0.0414228216
1509	0.0362145081
1510	0.0400115624
1511	0.0434473902
1512	0.0465794019
1513	0.0426838696
1514	0.0454667285
1515	0.0436205603
1516	0.0382803380
1517	0.0479588024
1518	0.0414697044
1519	0.0390014872
1520	0.0375624374
1521	0.0409529544
1522	0.0419329964
1523	0.0368839167
1524	0.0354376957
1525	0.0327077731
1526	0.0346402451
1527	0.0317583419
1528	0.0337738991
1529	0.0313696973
1530	0.0398947075
1531	0.0438206755
1532	0.0381011069
1533	0.0438874066
1534	0.0386520363
1535	0.0373537056
1536	0.0484832078
1537	0.0460451245
1538	0.0451497249
1539	0.0463644564
1540	0.0517089516
1541	0.0479266644
1542	0.0547533669
1543	0.0532297567
1544	0.0513653755
1545	0.0483638681
1546	0.0523455776
1547	0.0578698665
1548	0.0534359775
1549	0.0530513786
1550	0.0518761389
1551	0.0509814583
1552	0.0602481514
1553	0.0850488469
1554	0.0647895038
1555	0.0590015911
1556	0.0774425194
1557	0.0718372390
1558	0.0740031898
1559	0.0897680745
1560	0.0869263783
1561	0.0761624351
1562	0.0848978981
1563	0.0783918947
1564	0.0850055665
1565	0.0932526514
1566	0.0794283524
1567	0.0757610574
1568	0.0733070821
1569	0.0776807889
1570	0.0900303423
1571	0.1020940393
1572	0.0865994021
1573	0.0916937366
1574	0.0876367539
1575	0.0832136348
1576	0.0847610906
1577	0.0900039449
1578	0.1068560481
1579	0.0943196416
1580	0.1004686207
1581	0.1010049134
1582	0.1029382721
1583	0.1228536442
1584	0.0950321704
1585	0.1076199636
1586	0.1037588939
1587	0.0960515887
1588	0.1038235277
1589	0.1049483716
1590	0.1162575632
1591	0.1050206721
1592	0.1016967893
1593	0.1092947572
1594	0.1004019156
1595	0.1174195781
1596	0.1096176356
1597	0.1360143870
1598	0.1412416995
1599	0.1219918579
1600	0.1382703036
1601	0.1342673600
1602	0.1360268891
1603	0.1288494617
1604	0.1206455827
1605	0.1150868610
1606	0.1163024604
1607	0.1354247630
1608	0.1324994564
1609	0.1257056892
1610	0.1241507381
1611	0.1515715271
1612	0.1295130402
1613	0.1540845335
1614	0.1530857086
1615	0.1220906228
1616	0.1362776309
1617	0.1320554763
1618	0.1591009051
1619	0.1465992182
1620	0.1563134640
1621	0.1404998600
1622	0.1276409328
1623	0.1374051124
1624	0.1500864923
1625	0.1665816307
1626	0.1920529902
1627	0.1575599015
1628	0.1565666497
1629	0.1636769921
1630	0.1465794742
1631	0.1583649218
1632	0.1442309916
1633	0.1481406242
1634	0.1546021700
1635	0.1665421873
1636	0.1643154472
1637	0.1538345367
1638	0.1509589255
1639	0.1507403553
1640	0.1331036836
1641	0.1232438907
1642	0.1454601735
1643	0.1779793054
1644	0.1906267405
1645	0.1517258137
1646	0.1269133389
1647	0.1393310577
1648	0.1456761360
1649	0.1447786093
1650	0.1605715454
1651	0.1239982694
1652	0.1357060373
1653	0.1171129197
1654	0.1223669499
1655	0.1442260742
1656	0.1201546863
1657	0.1112684160
1658	0.1037243530
1659	0.1041230708
1660	0.1112881228
1661	0.1034113392
1662	0.0960364863
1663	0.0983474553
1664	0.1030602902
1665	0.0989407748
1666	0.0879997835
1667	0.0844940692
1668	0.0728878751
1669	0.0787848979
1670	0.0775921196
1671	0.0704110488
1672	0.0721875355
1673	0.0755125731
1674	0.0767413825
1675	0.0792253837
1676	0.0646159351
1677	0.0586959124
1678	0.0657780692
1679	0.0670892596
1680	0.0566143952
1681	0.0544453785
1682	0.0599494427
1683	0.0597502105
1684	0.0646476075
1685	0.0534292571
1686	0.0495894663
1687	0.0467980541
1688	0.0497863106
1689	0.0620119460
1690	0.0540068820
1691	0.0448877402
1692	0.0459524319
1693	0.0496368334
1694	0.0482268073
1695	0.0439864323
1696	0.0420833305
1697	0.0391224585
1698	0.0413145013
1699	0.0466170758
1700	0.0442012735
1701	0.0528043024
1702	0.0369661339
1703	0.0358836912
1704	0.0363891944
1705	0.0397895873
1706	0.0369952172
1707	0.0379745178
1708	0.0383321084
1709	0.0436762236
1710	0.0482713990
1711	0.0389468409
1712	0.0386036523
1713	0.0342220068
1714	0.0343877561
1715	0.0316368155
1716	0.0383192673
1717	0.0390330106
1718	0.0319783725
1719	0.0313398801
1720	0.0270013660
1721	0.0271850787
1722	0.0268332697
1723	0.0251345448
1724	0.0263819098
1725	0.0313814096
1726	0.0294549204
1727	0.0263025109
1728	0.0270400401
1729	0.0264343843
1730	0.0233323313
1731	0.0267528426
1732	0.0262471288
1733	0.0246108696
1734	0.0246338826
1735	0.0262091495
1736	0.0283873454
1737	0.0204446707
1738	0.0214811899
1739	0.0237992238
1740	0.0253130049
1741	0.0250448268
1742	0.0228919853
1743	0.0241948050
1744	0.0226148572
1745	0.0195652246
1746	0.0192541685
1747	0.0184623543
1748	0.0173592269
1749	0.0209153015
1750	0.0232734606
1751	0.0206357334
1752	0.0233403090
1753	0.0242557935
1754	0.0202253032
1755	0.0212413594
1756	0.0256011020
1757	0.0195314959
1758	0.0201267842
1759	0.0198775847
1760	0.0213137027
1761	0.0179775544
1762	0.0177853405
1763	0.0194219816
1764	0.0185129717
1765	0.0180218238
1766	0.0193352625
1767	0.0216191243
1768	0.0199246742
1769	0.0173926633
1770	0.0208851304
1771	0.0254822336
1772	0.0210355613
1773	0.0164367184
1774	0.0181790125
1775	0.0179799870
1776	0.0148514062
1777	0.0166224614
1778	0.0183154922
1779	0.0151140951
1780	0.0162102375
1781	0.0145504698
1782	0.0140623106
1783	0.0153215248
1784	0.0138644669
1785	0.0148973120
1786	0.0167862549
1787	0.0159097798
1788	0.0203677118
1789	0.0227741152
1790	0.0185859203
1791	0.0213472396
1792	0.0201501623
1793	0.0188544821
1794	0.0162347388
1795	0.0161156859
1796	0.0186329857
1797	0.0192422010
1798	0.0172735211
1799	0.0157300364
1800	0.0145022478
1801	0.0174323544
1802	0.0153787825
1803	0.0167963225
1804	0.0191683900
1805	0.0175463874
1806	0.0161242988
1807	0.0160006173
1808	0.0175629370
1809	0.0182401668
1810	0.0160422083
1811	0.0174938701
1812	0.0197274480
1813	0.0213506538
1814	0.0186320897
1815	0.0154840779
1816	0.0164197311
1817	0.0183505937
1818	0.0209062714
1819	0.0271880403
1820	0.0220362302
1821	0.0201574061
1822	0.0171558205
1823	0.0220888518
1824	0.0174225699
1825	0.0180329736
1826	0.0179304685
1827	0.0190388002
1828	0.0184268039
1829	0.0237504561
1830	0.0241881162
1831	0.0186064597
1832	0.0183229856
1833	0.0168645699
1834	0.0215988792
1835	0.0266348924
1836	0.0277721100
1837	0.0263480656
1838	0.0215205867
1839	0.0187479164
1840	0.0207824092
1841	0.0224169288
1842	0.0209651608
1843	0.0208020862
1844	0.0201838426
1845	0.0215434395
1846	0.0271786358
1847	0.0240724385
1848	0.0202201586
1849	0.0219395515
1850	0.0239615962
1851	0.0209193267
1852	0.0199972969
1853	0.0234113093
1854	0.0264586676
1855	0.0261021852
1856	0.0241333675
1857	0.0213328563
1858	0.0236740764
1859	0.0285628922
1860	0.0290892087
1861	0.0251396820
1862	0.0249918643
1863	0.0241838582
1864	0.0278554913
1865	0.0285510328
1866	0.0286132619
1867	0.0293360781
1868	0.0295367651
1869	0.0270814616
1870	0.0318944529
1871	0.0287688691
1872	0.0306733456
1873	0.0293306839
1874	0.0251855440
1875	0.0298667271
1876	0.0299859513
1877	0.0297423974
1878	0.0273728278
1879	0.0324822627
1880	0.0313047171
1881	0.0357627496
1882	0.0365284644
1883	0.0305995550
1884	0.0345827304
1885	0.0345499925
1886	0.0294071790
1887	0.0280281715
1888	0.0300789159
1889	0.0314659588
1890	0.0308019202
1891	0.0305360537
1892	0.0325230360
1893	0.0338566229
1894	0.0320853479
1895	0.0338528976
1896	0.0320159309
1897	0.0289274510
1898	0.0296246577
1899	0.0301869381
1900	0.0329836234
1901	0.0332329050
1902	0.0326641463
1903	0.0265902299
1904	0.0290109050
1905	0.0270761140
1906	0.0346007831
1907	0.0333471037
1908	0.0328621790
1909	0.0345409960
1910	0.0327004641
1911	0.0276881829
1912	0.0281628165
1913	0.0281953719
1914	0.0284539219
1915	0.0323358811
1916	0.0306768585
1917	0.0264378395
1918	0.0253845546
1919	0.0300626811
1920	0.0347432420
1921	0.0282539446
1922	0.0316286646
1923	0.0308132116
1924	0.0304599609
1925	0.0295837149
1926	0.0258228946
1927	0.0301882550
1928	0.0330261923
1929	0.0314724781
1930	0.0387064926
1931	0.0355903246
1932	0.0315035507
1933	0.0394972526
1934	0.0384857506
1935	0.0431083255
1936	0.0403124504
1937	0.0404476635
1938	0.0453923270
1939	0.0449345894
1940	0.0394289866
1941	0.0411375463
1942	0.0401005223
1943	0.0343623050
1944	0.0368143357
1945	0.0463740192
1946	0.0486487523
1947	0.0432935022
1948	0.0397174433
1949	0.0458964035
1950	0.0482960269
1951	0.0559841767
1952	0.0574464910
1953	0.0477405153
1954	0.0565774478
1955	0.0517858639
1956	0.0489610843
1957	0.0387735777
1958	0.0377284102
1959	0.0464270487
1960	0.0451714769
1961	0.0387429893
1962	0.0440001190
1963	0.0427426733
1964	0.0378613286
1965	0.0421436876
1966	0.0461886525
1967	0.0440633744
1968	0.0489482954
1969	0.0469908416
1970	0.0357516930
1971	0.0389683992
1972	0.0421752185
1973	0.0364054926
1974	0.0353765264
1975	0.0420017429
1976	0.0406020768
1977	0.0401467159
1978	0.0381780490
1979	0.0323980339
1980	0.0253436826
1981	0.0283811782
1982	0.0310479347
1983	0.0231733993
1984	0.0258967299
1985	0.0248652771
1986	0.0240943506
1987	0.0235252082
1988	0.0235076156
1989	0.0255504828
1990	0.0259599816
1991	0.0229783058
1992	0.0217810906
1993	0.0204350799
1994	0.0219592024
1995	0.0213245321
1996	0.0242216438
1997	0.0243703220
1998	0.0230493899
1999	0.0204773657
2000	0.0212973077
